0 
0 
0 
0 
0 
0 
0 
0 
0 
0 
0 
0 
0 
0 
0 
0 
0 
0 
0 
0 
0 
0 
0 
0 
0 
0 
0 
0 
0 
0 
0 
0 
0 
0 
0 
0 
0 
0 
0 
0 
0 
0 
0 
0 
0 
0 
0 
0 
0 
0 
0 
0 
0 
0 
0 
0 
0 
0 
0 
0 
0 
0 
0 
0 
0 
0 
0 
0 
0 
0 
0 
0 
0 
0 
0 
0 
0 
0 
0 
0 
0 
0 
0 
0 
0 
0 
0 
0 
0 
0 
0 
0 
0 
0 
0 
0 
0 
0 
0 
0 
0 
0 
0 
0 
0 
0 
0 
0 
0 
0 
0 
0 
0 
0 
0 
0 
0 
0 
0 
0 
0 
0 
0 
0 
0 
0 
0 
0 
0 
0 
0 
0 
0 
0 
0 
0 
0 
0 
0 
0 
0 
0 
0 
0 
0 
0 
0 
0 
0 
0 
0 
0 
0 
0 
0 
0 
0 
0 
0 
0 
0 
0 
0 
0 
0 
0 
0 
0 
0 
0 
0 
0 
0 
0 
0 
0 
0 
0 
0 
0 
0 
0 
0 
0 
0 
0 
0 
0 
0 
0 
0 
0 
0 
0 
0 
0 
0 
0 
0 
0 
0 
0 
0 
0 
0 
0 
0 
0 
0 
0 
0 
0 
0 
0 
0 
0 
0 
0 
0 
0 
0 
0 
0 
0 
0 
0 
0 
0 
0 
0 
0 
0 
0 
0 
0 
0 
0 
0 
0 
0 
1456.5643310547 
1451.1436767578 
1446.2739257812 
1440.8912353516 
1434.6223144531 
1430.0416259766 
1425.8656005859 
1421.6628417969 
1416.955078125 
1411.9561767578 
1406.5528564453 
1400.8482666016 
1395.8562011719 
1390.2138671875 
1384.8572998047 
1379.0091552734 
1373.4963378906 
1369.0341796875 
1365.4400634766 
1362.8615722656 
1361.1370849609 
1359.6872558594 
1358.6909179688 
1357.5865478516 
1355.779296875 
1353.5489501953 
1350.8748779297 
1348.6318359375 
1346.6218261719 
1344.2922363281 
1342.1214599609 
1340.1489257812 
1338.2185058594 
1335.8448486328 
1334.5307617188 
1333.3863525391 
1332.2998046875 
1333.2707519531 
1333.2476806641 
1332.78125 
1332.001953125 
1330.3697509766 
1328.5895996094 
1327.0389404297 
1326.2197265625 
1325.4635009766 
1324.6796875 
1323.9952392578 
1323.1672363281 
1322.126953125 
1321.8402099609 
1322.4822998047 
1324.1064453125 
1325.0681152344 
1325.7917480469 
1327.4293212891 
1328.8177490234 
1330.4801025391 
1331.8830566406 
1333.8688964844 
1336.3033447266 
1338.7642822266 
1341.7940673828 
1345.0235595703 
1347.8977050781 
1350.9084472656 
1353.7564697266 
1357.0895996094 
1359.6256103516 
1362.0720214844 
1364.4349365234 
1366.8527832031 
1368.9281005859 
1371.3806152344 
1373.7653808594 
1376.7231445312 
1379.2940673828 
1381.708984375 
1384.0904541016 
1387.0030517578 
1390.4693603516 
1393.9498291016 
1396.9449462891 
1400.5826416016 
1403.6488037109 
1406.474609375 
1409.8166503906 
1412.8217773438 
1415.2297363281 
1417.3591308594 
1419.5727539062 
1421.0968017578 
1422.1489257812 
1423.2604980469 
1424.6333007812 
1425.8414306641 
1426.1705322266 
1427.3735351562 
1428.5133056641 
1429.7785644531 
1431.0483398438 
1432.654296875 
1434.1619873047 
1435.6555175781 
1437.7821044922 
1439.5587158203 
1441.1528320312 
1442.5676269531 
1444.0228271484 
1445.3004150391 
1446.7277832031 
1447.6451416016 
1448.5930175781 
1449.6053466797 
1451.0001220703 
1452.3670654297 
1453.4727783203 
1454.8604736328 
1456.3894042969 
1457.7131347656 
1459.4743652344 
1461.45703125 
1463.3482666016 
1465.5955810547 
1467.9259033203 
1470.3195800781 
1472.4663085938 
1474.6405029297 
1476.7489013672 
1478.8060302734 
1480.9221191406 
1483.1063232422 
1485.7490234375 
1487.2468261719 
1489.8038330078 
1492.0538330078 
1494.1984863281 
1496.5047607422 
1499.1926269531 
1500.9438476562 
1503.1151123047 
1504.6553955078 
1506.6088867188 
1508.2076416016 
1509.6276855469 
1510.6484375 
1511.4935302734 
1512.2811279297 
1512.6862792969 
1513.0545654297 
1513.7618408203 
1514.0804443359 
1513.880859375 
1514.1706542969 
1514.3138427734 
1514.2619628906 
1514.0925292969 
1514.1462402344 
1513.7701416016 
1513.5576171875 
1513.7520751953 
1513.6146240234 
1513.7005615234 
1513.4271240234 
1512.9930419922 
1512.9366455078 
1512.3460693359 
1511.8033447266 
1511.2727050781 
1510.7291259766 
1510.1927490234 
1509.4613037109 
1508.1986083984 
1507.0836181641 
1506.3188476562 
1505.7661132812 
1505.3812255859 
1504.5583496094 
1503.7838134766 
1503.3233642578 
1502.7503662109 
1501.7947998047 
1501.0541992188 
1500.2564697266 
1499.7038574219 
1498.8486328125 
1497.9895019531 
1497.7861328125 
1497.6485595703 
1497.5169677734 
1497.1904296875 
1497.0754394531 
1496.8012695312 
1496.4561767578 
1496.0989990234 
1495.6069335938 
1495.0958251953 
1494.3068847656 
1493.6021728516 
1492.9353027344 
1492.4766845703 
1491.6148681641 
1490.8035888672 
1489.9947509766 
1489.2509765625 
1488.3759765625 
1487.1408691406 
1485.8946533203 
1484.7321777344 
1483.7591552734 
1482.4786376953 
1480.8896484375 
1479.1173095703 
1477.4606933594 
1475.9359130859 
1474.1157226562 
1472.1434326172 
1470.36328125 
1468.3874511719 
1466.2779541016 
1463.8145751953 
1460.8470458984 
1458.4278564453 
1455.8450927734 
1452.9270019531 
1449.9670410156 
1446.9963378906 
1443.9537353516 
1440.6199951172 
1437.0041503906 
1433.4790039062 
1430.3861083984 
1427.0899658203 
1423.9805908203 
1420.2915039062 
1417.1279296875 
1413.943359375 
1410.8258056641 
1407.7677001953 
1405.0501708984 
1401.9442138672 
1399.1256103516 
1396.2124023438 
1393.029296875 
1390.1184082031 
1387.2756347656 
1384.2290039062 
1381.2828369141 
1378.1848144531 
1375.1832275391 
1372.1459960938 
1369.2891845703 
1366.5574951172 
1364.0726318359 
1360.5623779297 
1357.6856689453 
1354.4521484375 
1351.2072753906 
1348.1676025391 
1345.1749267578 
1342.4490966797 
1339.6114501953 
1336.6435546875 
1333.7329101562 
1330.3931884766 
1327.5399169922 
1324.3978271484 
1320.8967285156 
1317.859375 
1314.5948486328 
1311.1702880859 
1307.9888916016 
1304.4146728516 
1301.1832275391 
1297.7618408203 
1294.4334716797 
1291.7508544922 
1288.81640625 
1285.3409423828 
1282.5382080078 
1279.8940429688 
1277.0186767578 
1273.7510986328 
1271.2297363281 
1268.6457519531 
1265.9129638672 
1263.1013183594 
1260.6518554688 
1258.5458984375 
1256.4089355469 
1254.2487792969 
1252.4254150391 
1250.5838623047 
1248.5969238281 
1247.0634765625 
1245.4130859375 
1243.2591552734 
1241.5201416016 
1239.7392578125 
1238.2590332031 
1236.5322265625 
1234.5971679688 
1232.6577148438 
1230.732421875 
1228.7954101562 
1227.17578125 
1225.4835205078 
1224.0046386719 
1222.2462158203 
1220.4973144531 
1218.5946044922 
1217.0145263672 
1215.126953125 
1213.4405517578 
1211.578125 
1210.1923828125 
1208.9067382812 
1207.1330566406 
1205.7329101562 
1204.2156982422 
1202.9222412109 
1201.3728027344 
1199.4959716797 
1198.2133789062 
1197.037109375 
1195.3890380859 
1193.6474609375 
1192.2445068359 
1190.5386962891 
1188.6019287109 
1186.9410400391 
1185.6610107422 
1184.2658691406 
1182.2899169922 
1180.6319580078 
1179.2692871094 
1177.7155761719 
1176.0432128906 
1174.4940185547 
1173.2221679688 
1172.2083740234 
1170.6661376953 
1169.1345214844 
1167.8214111328 
1166.8391113281 
1165.8481445312 
1164.4547119141 
1163.4514160156 
1162.7144775391 
1161.9578857422 
1161.2963867188 
1160.3353271484 
1159.3090820312 
1158.5286865234 
1157.9504394531 
1157.3537597656 
1156.3830566406 
1155.9376220703 
1155.5220947266 
1155.24609375 
1155.1368408203 
1154.9936523438 
1154.5676269531 
1154.3004150391 
1153.9597167969 
1153.5500488281 
1153.1389160156 
1152.8063964844 
1152.7749023438 
1152.9847412109 
1153.3026123047 
1153.0789794922 
1152.8500976562 
1152.75390625 
1153.1467285156 
1153.1859130859 
1153.1993408203 
1153.4614257812 
1153.9904785156 
1154.4984130859 
1154.6098632812 
1154.5239257812 
1154.6114501953 
1154.7537841797 
1154.6409912109 
1154.56640625 
1154.4671630859 
1154.5506591797 
1154.5743408203 
1154.7425537109 
1154.9876708984 
1154.7485351562 
1155.1341552734 
1155.4604492188 
1155.6270751953 
1156.0914306641 
1156.5352783203 
1156.7233886719 
1157.0008544922 
1157.3177490234 
1157.5366210938 
1157.4210205078 
1157.7175292969 
1157.9548339844 
1158.3314208984 
1158.6906738281 
1159.142578125 
1159.3687744141 
1159.3803710938 
1159.6293945312 
1159.7736816406 
1159.833984375 
1160.1765136719 
1160.5206298828 
1160.9534912109 
1160.9874267578 
1161.0200195312 
1161.0363769531 
1161.4415283203 
1161.0791015625 
1160.8498535156 
1160.7973632812 
1160.9768066406 
1161.3466796875 
1161.5251464844 
1162.0946044922 
1162.0327148438 
1161.9733886719 
1162.1522216797 
1162.1284179688 
1162.0532226562 
1162.0684814453 
1161.9781494141 
1162.2047119141 
1162.6964111328 
1162.380859375 
1162.1198730469 
1161.958984375 
1161.705078125 
1161.4655761719 
1161.9393310547 
1161.4992675781 
1161.3297119141 
1161.515625 
1161.517578125 
1161.4558105469 
1161.4625244141 
1161.8094482422 
1161.6768798828 
1162.2778320312 
1162.5032958984 
1162.7092285156 
1163.1649169922 
1163.7580566406 
1164.2547607422 
1164.7255859375 
1164.9478759766 
1165.5397949219 
1166.1063232422 
1167.0645751953 
1167.2436523438 
1168.0546875 
1168.8527832031 
1169.2036132812 
1169.8489990234 
1170.6832275391 
1171.0871582031 
1171.9440917969 
1172.5098876953 
1173.4464111328 
1174.3865966797 
1175.1491699219 
1175.8135986328 
1176.6190185547 
1177.2863769531 
1178.4580078125 
1179.4647216797 
1180.4387207031 
1181.4729003906 
1182.1938476562 
1183.4372558594 
1184.4951171875 
1185.1716308594 
1185.7817382812 
1186.9031982422 
1187.6645507812 
1188.4089355469 
1189.5108642578 
1190.4614257812 
1192.0180664062 
1192.9486083984 
1193.6807861328 
1194.400390625 
1194.9202880859 
1195.5809326172 
1196.4249267578 
1196.8046875 
1197.9055175781 
1198.9859619141 
1200.3369140625 
1201.9876708984 
1203.2375488281 
1204.8715820312 
1205.9809570312 
1207.9210205078 
1209.1939697266 
1210.8393554688 
1212.2291259766 
1214.26171875 
1216.2390136719 
1217.9139404297 
1220.0010986328 
1221.8903808594 
1224.1937255859 
1226.4995117188 
1228.6209716797 
1230.8541259766 
1233.4228515625 
1236.0031738281 
1238.5334472656 
1241.2281494141 
1244.0777587891 
1246.4370117188 
1249.1639404297 
1251.7205810547 
1254.2431640625 
1257.0876464844 
1260.0427246094 
1262.8134765625 
1265.2886962891 
1268.2971191406 
1271.5770263672 
1274.5830078125 
1277.6763916016 
1280.8483886719 
1284.5086669922 
1287.9937744141 
1291.2672119141 
1294.8234863281 
1298.3466796875 
1301.63671875 
1304.9661865234 
1308.6270751953 
1311.8341064453 
1315.3397216797 
1319.1639404297 
1322.6859130859 
1326.3933105469 
1330.0330810547 
1334.0343017578 
1337.6234130859 
1341.1732177734 
1344.8653564453 
1348.7836914062 
1352.6706542969 
1356.5589599609 
1360.1654052734 
1364.1219482422 
1367.904296875 
1371.6217041016 
1375.0457763672 
1379.1402587891 
1383.0689697266 
1386.5338134766 
1391.1018066406 
1395.3898925781 
1399.2023925781 
1403.3782958984 
1407.6750488281 
1411.4146728516 
1415.708984375 
1420.1511230469 
1424.099609375 
1428.4604492188 
1432.8590087891 
1437.2816162109 
1441.7884521484 
1446.4350585938 
1451.4440917969 
1456.3023681641 
1461.0482177734 
1466.3334960938 
1471.3679199219 
1476.4813232422 
1482.1770019531 
1487.7907714844 
1493.3656005859 
1499.2861328125 
1505.1712646484 
1511.2543945312 
1517.4047851562 
1523.5620117188 
1529.8010253906 
1536.0278320312 
1542.3527832031 
1548.8035888672 
1555.3793945312 
1561.6839599609 
1568.1925048828 
1575.1282958984 
1582.0073242188 
1589.3028564453 
1596.1021728516 
1603.4357910156 
1610.6558837891 
1618.2781982422 
1625.7769775391 
1633.0895996094 
1640.7120361328 
1648.2563476562 
1656.03515625 
1663.2489013672 
1670.9844970703 
1678.05078125 
1685.7844238281 
1693.138671875 
1700.3660888672 
1707.5589599609 
1714.9760742188 
1722.3835449219 
1729.3284912109 
1736.0660400391 
1743.0328369141 
1750.1424560547 
1757.1534423828 
1763.7830810547 
1770.6335449219 
1777.2657470703 
1783.8244628906 
1790.4265136719 
1796.6619873047 
1803.4097900391 
1809.8477783203 
1816.2175292969 
1822.71484375 
1829.1510009766 
1835.4752197266 
1841.5080566406 
1847.5432128906 
1853.7595214844 
1859.5269775391 
1865.30859375 
1871.0681152344 
1876.6331787109 
1882.3216552734 
1887.7712402344 
1893.5931396484 
1898.7160644531 
1904.2388916016 
1909.5633544922 
1914.8615722656 
1920.1497802734 
1925.7392578125 
1930.9421386719 
1936.6912841797 
1941.6258544922 
1947.1068115234 
1952.5061035156 
1957.6907958984 
1962.6450195312 
1967.7008056641 
1972.7760009766 
1977.4205322266 
1982.4797363281 
1987.3560791016 
1992.2336425781 
1996.5875244141 
2001.0548095703 
2006.0667724609 
2010.5440673828 
2014.9696044922 
2019.5708007812 
2024.0639648438 
2028.2630615234 
2032.9014892578 
2037.2709960938 
2041.8056640625 
2046.1812744141 
2050.6813964844 
2055.1262207031 
2059.3759765625 
2063.9052734375 
2067.8359375 
2071.7041015625 
2075.5766601562 
2079.6306152344 
2083.0668945312 
2086.5119628906 
2090.0944824219 
2093.7810058594 
2097.0310058594 
2100.537109375 
2103.5590820312 
2106.40625 
2109.2551269531 
2111.8503417969 
2114.3627929688 
2116.9174804688 
2119.5505371094 
2121.353515625 
2123.4587402344 
2125.2036132812 
2126.5998535156 
2128.1020507812 
2129.6123046875 
2130.5444335938 
2131.0322265625 
2130.998046875 
2130.8002929688 
2130.2424316406 
2129.125 
2127.7797851562 
2125.8002929688 
2123.6630859375 
2121.1145019531 
2118.0708007812 
2114.8149414062 
2110.55078125 
2105.9477539062 
2101.1474609375 
2096.0808105469 
2090.470703125 
2084.8381347656 
2078.5676269531 
2071.6196289062 
2065.4094238281 
2057.9919433594 
2050.2204589844 
2042.2897949219 
2033.8986816406 
2025.0158691406 
2016.0986328125 
2007.142578125 
1997.7424316406 
1988.1214599609 
1978.2401123047 
1968.0762939453 
1957.0460205078 
1945.8807373047 
1934.3076171875 
1922.7904052734 
1910.7253417969 
1898.8461914062 
1886.3527832031 
1874.2954101562 
1861.4467773438 
1848.4404296875 
1835.2121582031 
1822.2878417969 
1809.3923339844 
1796.1241455078 
1782.9211425781 
1769.8428955078 
1755.9995117188 
1742.3530273438 
1728.6971435547 
1714.9418945312 
1701.6915283203 
1688.2663574219 
1675.3729248047 
1662.2772216797 
1648.8310546875 
1635.3238525391 
1622.3642578125 
1608.8575439453 
1595.8133544922 
1582.8800048828 
1570.2458496094 
1557.4855957031 
1544.9748535156 
1532.2727050781 
1519.24609375 
1506.5466308594 
1493.8940429688 
1482.0526123047 
1469.9019775391 
1458.3615722656 
1446.5428466797 
1435.0540771484 
1423.1060791016 
1411.8139648438 
1399.591796875 
1388.3150634766 
1376.9975585938 
1365.9378662109 
1355.2882080078 
1344.0754394531 
1332.5643310547 
1321.5689697266 
1309.6923828125 
1298.2172851562 
1286.5485839844 
1275.2855224609 
1264.4523925781 
1253.9278564453 
1243.1867675781 
1232.6435546875 
1222.1322021484 
1211.3303222656 
1200.740234375 
1190.2683105469 
1179.8269042969 
1169.38671875 
1159.4006347656 
1149.1076660156 
1138.3979492188 
1128.0626220703 
1117.4688720703 
1107.1428222656 
1096.5639648438 
1086.1547851562 
1075.9129638672 
1065.4450683594 
1055.1066894531 
1044.7625732422 
1034.1134033203 
1023.7684326172 
1013.7233276367 
1003.3494873047 
993.64538574219 
983.83312988281 
973.97442626953 
963.95172119141 
954.61254882812 
945.126953125 
935.47302246094 
926.00463867188 
916.35821533203 
907.302734375 
898.3212890625 
889.17999267578 
880.03521728516 
871.55828857422 
862.30780029297 
853.66442871094 
844.94091796875 
835.95013427734 
827.37445068359 
818.80084228516 
810.31274414062 
801.54986572266 
792.74865722656 
784.25964355469 
775.31146240234 
766.41101074219 
757.80493164062 
748.95874023438 
739.97338867188 
731.62347412109 
723.33703613281 
715.26733398438 
706.51373291016 
698.31585693359 
689.84869384766 
681.48651123047 
672.55731201172 
664.73095703125 
655.9443359375 
648.49114990234 
640.7548828125 
632.89916992188 
625.28179931641 
617.73107910156 
610.25616455078 
602.22546386719 
594.52825927734 
586.56958007812 
579.11145019531 
571.57733154297 
564.431640625 
557.73449707031 
550.82427978516 
544.50573730469 
537.53411865234 
531.25128173828 
524.98046875 
518.84649658203 
512.74548339844 
507.19146728516 
501.91232299805 
495.96658325195 
490.83200073242 
485.9875793457 
480.77032470703 
475.39865112305 
470.64837646484 
466.10464477539 
461.08987426758 
456.07522583008 
451.73510742188 
447.3469543457 
442.6286315918 
438.21987915039 
433.59945678711 
429.78213500977 
426.02279663086 
422.59390258789 
419.41006469727 
416.11978149414 
413.45916748047 
410.97924804688 
408.61172485352 
406.47259521484 
404.66452026367 
403.45385742188 
402.78805541992 
402.02862548828 
401.64834594727 
402.13558959961 
402.13165283203 
402.99108886719 
403.83364868164 
404.8313293457 
405.77639770508 
407.20455932617 
409.21911621094 
411.27478027344 
413.92434692383 
416.56286621094 
419.74938964844 
422.40533447266 
425.40258789062 
428.451171875 
431.70559692383 
435.42388916016 
439.08807373047 
442.32766723633 
446.00720214844 
449.72003173828 
453.63623046875 
458.03894042969 
462.09320068359 
466.21752929688 
470.6686706543 
475.16232299805 
479.32608032227 
483.87466430664 
488.58325195312 
493.26699829102 
498.21286010742 
503.21856689453 
508.28094482422 
513.09924316406 
517.84948730469 
522.50286865234 
527.15460205078 
532.39697265625 
537.18615722656 
541.939453125 
547.24139404297 
551.99389648438 
557.49383544922 
562.39202880859 
567.39508056641 
572.15698242188 
576.91180419922 
581.41815185547 
586.81652832031 
591.95959472656 
596.46789550781 
601.60314941406 
607.13092041016 
612.08056640625 
617.98675537109 
623.63055419922 
629.10565185547 
634.85626220703 
640.43414306641 
646.21215820312 
651.87377929688 
657.45544433594 
663.18023681641 
669.21960449219 
674.99011230469 
680.79107666016 
686.71380615234 
692.75970458984 
698.57940673828 
704.55224609375 
710.19152832031 
715.92364501953 
721.81414794922 
727.79797363281 
733.72607421875 
739.04681396484 
745.36309814453 
750.67877197266 
757.03381347656 
762.76385498047 
768.60034179688 
774.19891357422 
779.48455810547 
785.06011962891 
790.56701660156 
795.83740234375 
801.34796142578 
806.91546630859 
812.00366210938 
817.40093994141 
823.3681640625 
827.97924804688 
833.40161132812 
837.59997558594 
842.90405273438 
847.83337402344 
852.783203125 
857.66455078125 
862.62066650391 
867.38928222656 
872.29925537109 
876.89935302734 
881.53491210938 
885.99249267578 
890.47784423828 
895.30792236328 
900.18243408203 
904.70440673828 
909.33270263672 
913.85302734375 
918.25158691406 
922.58435058594 
927.388671875 
931.92852783203 
936.29827880859 
940.89373779297 
945.65844726562 
950.65252685547 
955.14727783203 
959.56365966797 
964.03332519531 
968.59539794922 
972.83673095703 
977.41387939453 
981.99536132812 
986.31011962891 
990.90863037109 
995.35961914062 
999.61352539062 
1004.1430053711 
1008.4898681641 
1012.4047851562 
1016.9111328125 
1020.8255615234 
1024.5952148438 
1028.1702880859 
1031.9982910156 
1035.8498535156 
1039.4401855469 
1043.1932373047 
1046.8387451172 
1049.8316650391 
1053.4613037109 
1056.9571533203 
1059.8474121094 
1063.0826416016 
1066.005859375 
1068.9528808594 
1071.5515136719 
1074.4360351562 
1077.2628173828 
1079.9914550781 
1083.4587402344 
1085.5769042969 
1088.0334472656 
1090.8690185547 
1093.1950683594 
1095.5462646484 
1098.0168457031 
1100.3673095703 
1102.8803710938 
1105.6684570312 
1108.0257568359 
1110.0657958984 
1112.3858642578 
1114.4694824219 
1116.9763183594 
1118.7474365234 
1121.111328125 
1123.0538330078 
1124.6794433594 
1126.4422607422 
1128.4326171875 
1130.3723144531 
1131.8704833984 
1133.7858886719 
1134.9045410156 
1136.2673339844 
1137.3709716797 
1138.5864257812 
1139.6102294922 
1140.4909667969 
1141.2326660156 
1142.1049804688 
1142.3515625 
1142.9578857422 
1143.3780517578 
1144.16796875 
1144.3338623047 
1144.9147949219 
1145.2286376953 
1145.2723388672 
1145.5498046875 
1145.9761962891 
1146.3419189453 
1146.6063232422 
1146.9465332031 
1146.9117431641 
1147.0554199219 
1147.4471435547 
1147.7283935547 
1148.2657470703 
1148.6875 
1149.4270019531 
1150.0228271484 
1150.9416503906 
1151.6879882812 
1152.4990234375 
1153.1807861328 
1154.1243896484 
1154.9448242188 
1155.7604980469 
1157.0828857422 
1157.8887939453 
1158.9359130859 
1159.9683837891 
1161.244140625 
1162.0690917969 
1162.8999023438 
1163.6274414062 
1164.2275390625 
1165.4390869141 
1166.1987304688 
1166.8610839844 
1168.0477294922 
1169.2630615234 
1170.1534423828 
1170.8590087891 
1171.4044189453 
1172.1651611328 
1173.0677490234 
1173.5640869141 
1174.3374023438 
1175.1165771484 
1175.9699707031 
1176.1947021484 
1177.0733642578 
1177.5726318359 
1177.3569335938 
1178.0366210938 
1178.4716796875 
1178.8477783203 
1179.1063232422 
1179.7156982422 
1180.4665527344 
1180.8890380859 
1181.0554199219 
1180.9763183594 
1181.3787841797 
1181.3370361328 
1181.3303222656 
1181.6263427734 
1181.5750732422 
1181.9968261719 
1182.0756835938 
1182.1977539062 
1182.4281005859 
1182.3354492188 
1182.0755615234 
1182.5677490234 
1182.4748535156 
1182.5930175781 
1182.7005615234 
1183.3726806641 
1183.4512939453 
1183.5426025391 
1183.5289306641 
1183.5568847656 
1183.7091064453 
1183.9991455078 
1183.8411865234 
1184.4000244141 
1184.6214599609 
1185.0447998047 
1185.7919921875 
1186.1242675781 
1186.7176513672 
1187.3555908203 
1188.1958007812 
1188.9406738281 
1190.1749267578 
1191.2006835938 
1192.4127197266 
1193.8389892578 
1194.9423828125 
1196.4830322266 
1197.8857421875 
1199.3142089844 
1200.6525878906 
1202.3376464844 
1203.6114501953 
1204.9489746094 
1206.4599609375 
1207.8188476562 
1209.1096191406 
1210.6164550781 
1212.0112304688 
1213.2725830078 
1214.4897460938 
1215.9495849609 
1217.4287109375 
1218.5970458984 
1219.935546875 
1220.6479492188 
1221.4968261719 
1222.3521728516 
1223.1038818359 
1224.1975097656 
1225.1889648438 
1225.9500732422 
1227.0035400391 
1227.5189208984 
1228.5749511719 
1228.9077148438 
1229.4755859375 
1229.9879150391 
1230.0185546875 
1230.3011474609 
1230.8583984375 
1230.9125976562 
1231.0446777344 
1231.3122558594 
1231.5104980469 
1231.9207763672 
1232.0343017578 
1232.2847900391 
1232.4956054688 
1232.4541015625 
1232.4008789062 
1232.0983886719 
1232.2763671875 
1232.669921875 
1232.9274902344 
1232.7650146484 
1232.9222412109 
1233.5207519531 
1233.9385986328 
1235.1099853516 
1235.1435546875 
1235.2355957031 
1235.4301757812 
1235.1339111328 
1235.7973632812 
1236.2010498047 
1236.2897949219 
1236.9938964844 
1237.2628173828 
1237.9569091797 
1238.5405273438 
1239.1187744141 
1239.8686523438 
1241.1237792969 
1242.5139160156 
1244.4304199219 
1246.4993896484 
1249.2633056641 
1252.4202880859 
1255.6025390625 
1258.6033935547 
1261.8642578125 
1265.5716552734 
1269.5903320312 
1273.9790039062 
1279.5035400391 
1285.1773681641 
1291.1953125 
1297.6055908203 
1303.6566162109 
1309.6251220703 
1316.0565185547 
1323.0471191406 
1329.9085693359 
1337.6571044922 
1345.9085693359 
1355.0689697266 
1364.1763916016 
1373.0631103516 
1381.8957519531 
1390.8709716797 
1399.8660888672 
1409.263671875 
1419.4901123047 
1429.7370605469 
1440.6021728516 
1451.7770996094 
1463.3212890625 
1474.7583007812 
1485.8366699219 
1496.7259521484 
1507.8668212891 
1518.9241943359 
1529.7142333984 
1540.6398925781 
1551.4595947266 
1562.9301757812 
1573.9278564453 
1584.9561767578 
1595.7088623047 
1606.6387939453 
1617.0379638672 
1627.0850830078 
1637.1984863281 
1647.5698242188 
1657.6102294922 
1667.9923095703 
1678.3010253906 
1688.1130371094 
1698.1024169922 
1707.9493408203 
1717.0738525391 
1726.5557861328 
1735.2966308594 
1744.2856445312 
1753.3366699219 
1762.0657958984 
1770.6784667969 
1778.9412841797 
1787.26171875 
1795.4133300781 
1803.2264404297 
1811.1107177734 
1818.7808837891 
1826.2879638672 
1833.298828125 
1840.3103027344 
1847.1123046875 
1853.4010009766 
1859.544921875 
1866.0501708984 
1872.0172119141 
1878.2019042969 
1884.0799560547 
1889.3798828125 
1894.921875 
1900.0787353516 
1905.4012451172 
1910.2192382812 
1914.6442871094 
1919.1970214844 
1923.7651367188 
1928.1475830078 
1932.7961425781 
1936.74609375 
1941.3104248047 
1945.4625244141 
1949.7609863281 
1953.7950439453 
1958.0361328125 
1962.3935546875 
1966.0579833984 
1970.1385498047 
1974.3179931641 
1978.2390136719 
1982.2326660156 
1986.2772216797 
1990.5852050781 
1994.2630615234 
1998.4592285156 
2002.2237548828 
2005.9108886719 
2009.2491455078 
2012.1466064453 
2015.1300048828 
2017.5361328125 
2019.4730224609 
2021.0369873047 
2022.5417480469 
2022.9514160156 
2022.8696289062 
2022.2836914062 
2021.5599365234 
2019.8487548828 
2017.599609375 
2015.3366699219 
2012.3186035156 
2008.7397460938 
2004.3345947266 
1999.521484375 
1993.6898193359 
1987.6284179688 
1981.0880126953 
1974.0300292969 
1965.9079589844 
1957.9892578125 
1949.513671875 
1940.6839599609 
1931.77734375 
1921.8510742188 
1911.7413330078 
1901.6663818359 
1891.1313476562 
1880.0869140625 
1868.9385986328 
1857.4885253906 
1846.0091552734 
1834.2095947266 
1822.361328125 
1810.1988525391 
1797.8254394531 
1785.2525634766 
1772.4427490234 
1759.3469238281 
1746.3601074219 
1733.6711425781 
1721.0269775391 
1708.1977539062 
1695.0330810547 
1680.9427490234 
1667.0383300781 
1653.0239257812 
1638.8461914062 
1625.0139160156 
1610.8852539062 
1596.5344238281 
1582.9591064453 
1569.3067626953 
1555.4700927734 
1541.1984863281 
1527.3206787109 
1513.32421875 
1499.5096435547 
1485.734375 
1472.1955566406 
1458.6558837891 
1445.7474365234 
1432.3511962891 
1419.3743896484 
1406.5848388672 
1393.8931884766 
1381.35546875 
1368.5567626953 
1355.7596435547 
1343.68359375 
1331.9197998047 
1320.1220703125 
1308.5275878906 
1297.2843017578 
1285.4294433594 
1274.2817382812 
1263.1606445312 
1251.7191162109 
1240.4108886719 
1229.5344238281 
1218.2501220703 
1206.7626953125 
1195.8996582031 
1184.7593994141 
1173.7465820312 
1162.3654785156 
1151.4569091797 
1140.6566162109 
1129.6179199219 
1119.1024169922 
1108.9232177734 
1099.6759033203 
1089.2587890625 
1079.6529541016 
1070.2310791016 
1060.5091552734 
1050.8359375 
1042.0139160156 
1033.0397949219 
1025.2060546875 
1016.8264160156 
1008.789855957 
1000.6871337891 
992.84350585938 
984.94183349609 
977.17828369141 
969.55444335938 
962.3212890625 
954.97790527344 
948.01043701172 
941.51190185547 
934.62921142578 
927.9921875 
921.314453125 
913.93493652344 
907.23187255859 
900.8076171875 
894.427734375 
888.33227539062 
882.97503662109 
877.49725341797 
872.93615722656 
867.99346923828 
863.53961181641 
859.11529541016 
854.49914550781 
849.96826171875 
845.34356689453 
841.06292724609 
837.30072021484 
833.61596679688 
830.26409912109 
826.80578613281 
823.81744384766 
821.03063964844 
817.41027832031 
813.71466064453 
810.29278564453 
807.07299804688 
803.97778320312 
801.20556640625 
798.45129394531 
795.77014160156 
793.38336181641 
790.43280029297 
787.76690673828 
785.10546875 
782.51324462891 
779.89331054688 
777.75012207031 
775.53277587891 
774.08813476562 
771.80059814453 
770.13928222656 
768.36029052734 
766.24426269531 
764.55938720703 
762.59906005859 
761.11730957031 
759.69293212891 
758.33514404297 
756.98071289062 
756.1591796875 
754.76281738281 
753.65966796875 
753.02014160156 
752.30163574219 
751.42651367188 
750.87664794922 
750.55987548828 
750.29711914062 
750.27166748047 
749.77813720703 
749.50134277344 
749.54321289062 
749.79663085938 
749.92022705078 
749.97735595703 
750.37121582031 
750.78936767578 
751.36041259766 
751.8671875 
752.75042724609 
753.92022705078 
754.91070556641 
755.76300048828 
757.01605224609 
758.12750244141 
759.1572265625 
760.82690429688 
762.51922607422 
764.82794189453 
767.05706787109 
769.42474365234 
771.92657470703 
774.31170654297 
776.72778320312 
778.58001708984 
781.46075439453 
783.82489013672 
787.47595214844 
790.88916015625 
794.02783203125 
797.45977783203 
801.18170166016 
804.65966796875 
808.82501220703 
812.65173339844 
817.25482177734 
821.37921142578 
825.78753662109 
829.85650634766 
834.39190673828 
838.0986328125 
842.62463378906 
846.80615234375 
850.23370361328 
854.03033447266 
857.85046386719 
861.46228027344 
865.16033935547 
868.92065429688 
872.12274169922 
876.02282714844 
879.98956298828 
883.53271484375 
887.35223388672 
891.10546875 
894.23602294922 
897.74676513672 
900.79943847656 
903.41204833984 
906.43524169922 
909.09387207031 
911.79705810547 
914.47833251953 
917.53265380859 
919.80609130859 
922.35833740234 
924.63226318359 
927.04150390625 
929.24078369141 
931.30206298828 
933.51525878906 
935.61334228516 
938.10308837891 
940.02630615234 
942.16363525391 
944.66668701172 
947.09979248047 
949.42529296875 
952.51782226562 
955.25836181641 
957.7998046875 
960.65869140625 
963.88494873047 
966.57543945312 
969.82067871094 
973.10217285156 
976.77496337891 
980.05438232422 
984.24279785156 
988.31378173828 
991.97344970703 
996.16070556641 
1000.1208496094 
1003.8139648438 
1007.6221313477 
1011.2747802734 
1014.4360351562 
1017.6583251953 
1020.8233642578 
1024.3162841797 
1027.5749511719 
1030.6450195312 
1034.0310058594 
1037.6108398438 
1040.6273193359 
1043.9066162109 
1047.2406005859 
1050.4357910156 
1053.7425537109 
1056.8256835938 
1059.7646484375 
1062.5565185547 
1065.494140625 
1068.7391357422 
1071.3743896484 
1073.7054443359 
1076.15234375 
1078.3898925781 
1080.6180419922 
1082.7366943359 
1084.6878662109 
1086.8305664062 
1088.4272460938 
1090.5762939453 
1092.0551757812 
1093.4383544922 
1094.8999023438 
1096.2526855469 
1096.96484375 
1098.0327148438 
1098.8131103516 
1099.3499755859 
1100.5172119141 
1101.1669921875 
1101.8676757812 
1102.3077392578 
1102.9489746094 
1103.5533447266 
1103.8432617188 
1103.7337646484 
1103.6649169922 
1103.4887695312 
1103.6979980469 
1103.8103027344 
1103.4395751953 
1103.271484375 
1102.7432861328 
1102.4395751953 
1102.3504638672 
1101.5046386719 
1100.6212158203 
1100.0482177734 
1099.0667724609 
1098.4147949219 
1098.1391601562 
1097.2224121094 
1096.3376464844 
1095.9697265625 
1095.8598632812 
1095.3646240234 
1094.6575927734 
1093.9272460938 
1093.6170654297 
1093.3647460938 
1093.2182617188 
1092.9202880859 
1092.3205566406 
1092.361328125 
1092.0357666016 
1091.8503417969 
1092.0050048828 
1092.3447265625 
1092.7770996094 
1092.9705810547 
1093.2951660156 
1093.6184082031 
1094.2199707031 
1094.9547119141 
1095.7623291016 
1097.2573242188 
1098.7578125 
1100.8887939453 
1102.7770996094 
1104.7111816406 
1106.9624023438 
1109.1856689453 
1111.4421386719 
1114.1403808594 
1116.8388671875 
1119.7015380859 
1123.3009033203 
1127.1766357422 
1130.9282226562 
1134.1986083984 
1137.5688476562 
1141.447265625 
1145.2165527344 
1149.3776855469 
1153.9965820312 
1158.947265625 
1164.26171875 
1170.2648925781 
1176.8250732422 
1182.9937744141 
1189.3212890625 
1195.7053222656 
1202.6156005859 
1209.0953369141 
1216.8562011719 
1224.1102294922 
1231.9344482422 
1239.8784179688 
1247.8107910156 
1255.2991943359 
1263.0444335938 
