0 
0 
0 
0 
0 
0 
0 
0 
0 
0 
0 
0 
0 
0 
0 
0 
0 
0 
0 
0 
0 
0 
0 
0 
0 
0 
0 
0 
0 
0 
0 
0 
0 
0 
0 
0 
0 
0 
0 
0 
0 
0 
0 
0 
0 
0 
0 
0 
0 
0 
0 
0 
0 
0 
0 
0 
0 
0 
0 
0 
0 
0 
0 
0 
0 
0 
0 
0 
0 
0 
0 
0 
0 
0 
0 
0 
0 
0 
0 
0 
0 
0 
0 
0 
0 
0 
0 
0 
0 
0 
0 
0 
0 
0 
0 
0 
0 
0 
0 
0 
0 
0 
0 
0 
0 
0 
0 
0 
0 
0 
0 
0 
0 
0 
0 
0 
0 
0 
0 
0 
0 
0 
0 
0 
0 
0 
0 
0 
0 
0 
0 
0 
0 
0 
0 
0 
0 
0 
0 
0 
0 
0 
0 
0 
0 
0 
0 
0 
0 
0 
0 
0 
0 
0 
0 
0 
0 
0 
0 
0 
0 
0 
0 
0 
0 
0 
0 
0 
0 
0 
0 
0 
0 
0 
0 
0 
0 
0 
0 
0 
0 
0 
0 
0 
0 
0 
0 
0 
0 
0 
0 
0 
0 
0 
0 
0 
0 
0 
0 
0 
0 
0 
0 
0 
0 
0 
0 
0 
0 
0 
0 
0 
0 
0 
0 
0 
0 
0 
0 
0 
0 
0 
0 
0 
0 
0 
0 
0 
0 
0 
0 
0 
0 
0 
0 
0 
0 
0 
0 
0 
-1409.2601318359 
-1394.7543945312 
-1380.6950683594 
-1366.02734375 
-1349.0574951172 
-1333.9809570312 
-1318.267578125 
-1302.6157226562 
-1287.0484619141 
-1270.9647216797 
-1256.5205078125 
-1241.4467773438 
-1227.4447021484 
-1214.9434814453 
-1202.400390625 
-1191.796875 
-1181.8557128906 
-1172.4118652344 
-1162.9223632812 
-1154.2211914062 
-1145.5500488281 
-1136.0389404297 
-1126.6475830078 
-1117.4188232422 
-1107.8776855469 
-1097.9816894531 
-1089.001953125 
-1079.5721435547 
-1069.8779296875 
-1061.2407226562 
-1052.2652587891 
-1043.5229492188 
-1035.9490966797 
-1028.8156738281 
-1022.0006103516 
-1015.9351196289 
-1010.2838745117 
-1005.6645507812 
-1001.4580688477 
-997.56750488281 
-994.21588134766 
-992.17059326172 
-991.12567138672 
-990.65167236328 
-990.19854736328 
-989.25103759766 
-987.95239257812 
-985.74450683594 
-981.86126708984 
-977.30096435547 
-972.63623046875 
-967.87658691406 
-962.6513671875 
-956.95196533203 
-951.21740722656 
-946.38421630859 
-941.64831542969 
-937.51538085938 
-933.05340576172 
-928.21807861328 
-923.09893798828 
-917.46759033203 
-912.06921386719 
-906.29443359375 
-901.02935791016 
-895.88342285156 
-890.27307128906 
-884.67236328125 
-878.81390380859 
-872.42755126953 
-866.25347900391 
-860.18566894531 
-854.13299560547 
-848.564453125 
-842.66180419922 
-836.82946777344 
-830.57464599609 
-823.28918457031 
-816.08679199219 
-808.49560546875 
-801.58166503906 
-794.83660888672 
-787.48626708984 
-780.22143554688 
-772.46655273438 
-764.64379882812 
-756.93731689453 
-749.03118896484 
-740.64373779297 
-732.14544677734 
-724.25085449219 
-715.80889892578 
-707.58953857422 
-699.33898925781 
-690.91583251953 
-681.81909179688 
-672.55163574219 
-663.66949462891 
-654.38842773438 
-644.60162353516 
-634.69580078125 
-625.55700683594 
-615.54437255859 
-606.0634765625 
-597.18597412109 
-588.53491210938 
-580.40411376953 
-570.62554931641 
-561.42108154297 
-552.22985839844 
-543.25329589844 
-533.77685546875 
-524.07666015625 
-514.46771240234 
-504.42526245117 
-495.15646362305 
-485.34719848633 
-476.01217651367 
-466.13125610352 
-457.10885620117 
-447.35980224609 
-438.52871704102 
-429.54794311523 
-420.505859375 
-411.5315246582 
-403.54055786133 
-395.19091796875 
-387.25817871094 
-379.81771850586 
-372.51016235352 
-365.40341186523 
-358.5051574707 
-351.52670288086 
-345.33639526367 
-338.89306640625 
-331.52224731445 
-325.28723144531 
-319.03109741211 
-312.35171508789 
-306.77835083008 
-300.98431396484 
-295.32736206055 
-289.28762817383 
-283.90631103516 
-278.52560424805 
-273.33590698242 
-268.46438598633 
-263.70150756836 
-258.80508422852 
-253.88966369629 
-249.19450378418 
-244.63887023926 
-240.34269714355 
-235.78753662109 
-231.15878295898 
-227.13858032227 
-223.41398620605 
-219.78538513184 
-215.45767211914 
-211.7345123291 
-208.64167785645 
-204.80471801758 
-201.20414733887 
-197.94342041016 
-194.55110168457 
-190.98733520508 
-187.90539550781 
-184.95916748047 
-181.38800048828 
-178.27870178223 
-175.00122070312 
-171.46022033691 
-168.72671508789 
-165.35232543945 
-162.56311035156 
-159.19671630859 
-156.83778381348 
-154.03141784668 
-151.52410888672 
-149.17216491699 
-147.27267456055 
-145.23809814453 
-143.50141906738 
-141.55726623535 
-139.07905578613 
-137.53312683105 
-135.61045837402 
-134.60223388672 
-133.54875183105 
-132.54299926758 
-131.5069732666 
-130.68840026855 
-130.06463623047 
-128.71907043457 
-127.83019256592 
-127.25593566895 
-126.24047088623 
-125.04921722412 
-124.26885223389 
-123.43194580078 
-122.80201721191 
-121.76306915283 
-120.92627716064 
-119.71788024902 
-118.20553588867 
-116.969871521 
-116.32293701172 
-115.38027191162 
-113.86038208008 
-113.13407897949 
-111.83854675293 
-110.34519195557 
-109.20928192139 
-107.83659362793 
-106.60230255127 
-105.45464324951 
-104.29627227783 
-103.03697967529 
-101.89044189453 
-101.39447021484 
-100.13790130615 
-98.930633544922 
-98.084465026855 
-97.494049072266 
-96.226226806641 
-95.200469970703 
-94.315002441406 
-93.35230255127 
-92.654792785645 
-92.344467163086 
-92.262084960938 
-91.541793823242 
-90.381050109863 
-89.50252532959 
-88.188888549805 
-87.794281005859 
-86.507331848145 
-86.2216796875 
-85.520034790039 
-84.720893859863 
-83.542373657227 
-82.459487915039 
-81.309951782227 
-81.019760131836 
-80.286102294922 
-79.717483520508 
-78.906272888184 
-78.084854125977 
-77.281303405762 
-76.768524169922 
-75.606803894043 
-75.065620422363 
-74.279319763184 
-73.116630554199 
-72.68132019043 
-72.012672424316 
-70.942672729492 
-69.931144714355 
-69.134063720703 
-67.936882019043 
-67.444213867188 
-66.73136138916 
-65.589324951172 
-64.887420654297 
-63.677513122559 
-62.314113616943 
-62.130115509033 
-61.291370391846 
-60.703502655029 
-59.573020935059 
-58.478733062744 
-57.579284667969 
-56.562870025635 
-55.602783203125 
-54.921047210693 
-53.584991455078 
-52.908432006836 
-52.368808746338 
-51.494827270508 
-50.196739196777 
-49.678321838379 
-48.909194946289 
-47.847774505615 
-46.599628448486 
-46.173336029053 
-46.188957214355 
-44.508941650391 
-43.276569366455 
-42.748203277588 
-41.754570007324 
-40.020862579346 
-39.218544006348 
-38.257720947266 
-36.838897705078 
-35.805843353271 
-34.222724914551 
-33.707355499268 
-32.80464553833 
-32.009399414062 
-30.708026885986 
-29.782207489014 
-28.750492095947 
-27.598062515259 
-26.518339157104 
-25.521457672119 
-23.855682373047 
-23.125005722046 
-21.914203643799 
-21.023231506348 
-19.596334457397 
-18.912540435791 
-18.287042617798 
-17.469745635986 
-16.814311981201 
-15.880138397217 
-14.747205734253 
-14.188839912415 
-13.537026405334 
-13.035397529602 
-12.28246307373 
-11.091026306152 
-10.419066429138 
-9.8354530334473 
-8.9050226211548 
-8.0550489425659 
-7.5359144210815 
-6.9693083763123 
-6.0184588432312 
-5.1254682540894 
-4.3305621147156 
-3.6162071228027 
-2.8953373432159 
-2.5488526821136 
-1.5721566677094 
-0.75909388065338 
0.44088131189346 
1.3086941242218 
1.9147800207138 
2.705470085144 
3.4402394294739 
4.1514010429382 
5.0649943351746 
6.7393250465393 
6.8429765701294 
7.7065877914429 
8.1993608474731 
9.3532667160034 
9.8992319107056 
10.640142440796 
11.600581169128 
12.918055534363 
13.799262046814 
14.450647354126 
15.256066322327 
16.488233566284 
17.239040374756 
18.395757675171 
19.507036209106 
20.515247344971 
21.535051345825 
22.553932189941 
23.99436378479 
25.320070266724 
26.72998046875 
28.345878601074 
29.831172943115 
31.480411529541 
32.857437133789 
34.356178283691 
35.812217712402 
37.61954498291 
39.235656738281 
41.047008514404 
42.75915145874 
44.956768035889 
46.391201019287 
48.532180786133 
50.438220977783 
52.253982543945 
54.062595367432 
56.438549041748 
58.335624694824 
60.681743621826 
62.431144714355 
64.331062316895 
66.763168334961 
69.027038574219 
70.989280700684 
73.221946716309 
76.222312927246 
78.953414916992 
81.754196166992 
84.552879333496 
87.299331665039 
89.915138244629 
92.606941223145 
95.44554901123 
98.193824768066 
101.678855896 
104.41346740723 
107.02045440674 
109.80646514893 
112.90672302246 
115.50169372559 
118.33229064941 
121.43997192383 
124.32712554932 
126.87023162842 
129.82385253906 
132.80667114258 
135.03744506836 
137.9702911377 
140.54655456543 
143.50823974609 
146.11343383789 
149.77226257324 
152.32180786133 
154.68446350098 
157.27087402344 
160.09272766113 
162.45555114746 
165.04145812988 
167.45571899414 
170.32522583008 
172.3962097168 
175.0009765625 
177.49668884277 
180.3366394043 
182.79399108887 
184.90138244629 
187.49598693848 
189.64213562012 
192.64128112793 
194.93389892578 
197.64398193359 
200.6937713623 
202.8671875 
205.54234313965 
208.44485473633 
211.10179138184 
213.77265930176 
216.32736206055 
219.43435668945 
222.43508911133 
225.01489257812 
227.81547546387 
231.08039855957 
234.29446411133 
236.73524475098 
239.78063964844 
242.97819519043 
245.96235656738 
249.18403625488 
251.81771850586 
254.66273498535 
257.90023803711 
261.00506591797 
263.72244262695 
266.29281616211 
269.81579589844 
271.97045898438 
274.98428344727 
277.95858764648 
280.88864135742 
283.40219116211 
286.81539916992 
289.51040649414 
292.30520629883 
295.24237060547 
298.2878112793 
300.65646362305 
304.14901733398 
307.15634155273 
309.59677124023 
312.47885131836 
315.56842041016 
318.69952392578 
321.22213745117 
324.43350219727 
327.40225219727 
329.86581420898 
333.03472900391 
336.16815185547 
338.46179199219 
341.6022644043 
344.47677612305 
347.24887084961 
349.86538696289 
352.57705688477 
355.14349365234 
357.59558105469 
360.07373046875 
362.54632568359 
364.79388427734 
367.43609619141 
370.03839111328 
371.93872070312 
374.29388427734 
376.72775268555 
378.7419128418 
381.47619628906 
383.7653503418 
386.12710571289 
388.28872680664 
390.5153503418 
392.85186767578 
394.63342285156 
397.04202270508 
398.69567871094 
400.53100585938 
402.65063476562 
404.4651184082 
406.59338378906 
408.42654418945 
410.26947021484 
412.08270263672 
413.62670898438 
415.73159790039 
417.15295410156 
418.40191650391 
420.27725219727 
421.68521118164 
422.82144165039 
424.36267089844 
425.97033691406 
426.84591674805 
428.43157958984 
429.85565185547 
430.81549072266 
431.77941894531 
433.314453125 
434.7692565918 
435.84127807617 
437.13562011719 
438.32824707031 
439.23602294922 
440.12127685547 
441.14065551758 
442.37094116211 
443.12844848633 
443.90936279297 
444.66442871094 
446.02188110352 
446.65377807617 
447.12460327148 
447.55407714844 
447.98037719727 
448.97970581055 
449.70889282227 
450.43594360352 
450.89825439453 
451.130859375 
451.35101318359 
451.77410888672 
452.52191162109 
452.72317504883 
453.29418945312 
453.45217895508 
453.42388916016 
453.34973144531 
453.53167724609 
453.58737182617 
453.36059570312 
453.01373291016 
452.50827026367 
452.59243774414 
452.60607910156 
452.08169555664 
451.66851806641 
451.3251953125 
450.69888305664 
450.50042724609 
449.59188842773 
448.84994506836 
448.63177490234 
447.7946472168 
447.28100585938 
446.75961303711 
446.08428955078 
445.30023193359 
444.84753417969 
444.3830871582 
443.3701171875 
442.69381713867 
442.11318969727 
441.44586181641 
440.71624755859 
440.39096069336 
439.62503051758 
438.83905029297 
438.43441772461 
437.84677124023 
437.42196655273 
436.88104248047 
436.82263183594 
436.57369995117 
435.7121887207 
435.34429931641 
434.96102905273 
434.55316162109 
433.89605712891 
433.69262695312 
432.76434326172 
431.90603637695 
431.2571105957 
430.64971923828 
429.51678466797 
428.84448242188 
427.87518310547 
426.68206787109 
425.37078857422 
424.30786132812 
423.28350830078 
422.00473022461 
421.4694519043 
420.22198486328 
419.07757568359 
417.71844482422 
416.54751586914 
414.95928955078 
414.17309570312 
412.46743774414 
411.86978149414 
410.60858154297 
409.80627441406 
408.49652099609 
407.3616027832 
406.31945800781 
405.3125 
404.39971923828 
403.35391235352 
402.71618652344 
401.59057617188 
400.33651733398 
399.56631469727 
398.98458862305 
397.97402954102 
397.12872314453 
396.33053588867 
395.80270385742 
395.13040161133 
394.60729980469 
393.70065307617 
392.96591186523 
392.33291625977 
392.15606689453 
391.75854492188 
391.85311889648 
391.37677001953 
390.98968505859 
390.63830566406 
389.77655029297 
389.46194458008 
388.32641601562 
388.04803466797 
387.23681640625 
385.9860534668 
385.05621337891 
384.26022338867 
383.83947753906 
382.55288696289 
381.50817871094 
380.70843505859 
379.8752746582 
378.30679321289 
377.57717895508 
377.0559387207 
375.75653076172 
374.72048950195 
373.55703735352 
372.28628540039 
371.00326538086 
369.82485961914 
368.69030761719 
367.42419433594 
366.21109008789 
364.80212402344 
363.74118041992 
362.35586547852 
360.37823486328 
358.82308959961 
357.16009521484 
355.59817504883 
353.85980224609 
352.13900756836 
350.48321533203 
348.88983154297 
346.86584472656 
345.177734375 
343.67660522461 
341.64627075195 
339.83746337891 
338.68133544922 
336.75793457031 
335.32528686523 
333.19714355469 
331.90548706055 
330.05145263672 
328.72509765625 
327.57928466797 
326.70330810547 
325.86401367188 
324.91586303711 
323.80548095703 
322.95077514648 
322.05447387695 
321.52578735352 
320.98056030273 
320.65362548828 
319.21353149414 
318.69869995117 
318.35653686523 
317.25421142578 
316.32135009766 
315.9436340332 
314.8352355957 
313.47985839844 
313.12872314453 
312.11709594727 
312.14617919922 
311.46026611328 
311.61209106445 
311.03958129883 
310.81582641602 
310.9440612793 
310.09262084961 
310.52975463867 
310.59359741211 
310.77682495117 
311.36248779297 
311.85055541992 
312.7971496582 
313.61413574219 
314.58065795898 
314.4548034668 
314.11389160156 
314.30224609375 
313.83908081055 
313.79266357422 
314.78881835938 
315.48422241211 
316.37475585938 
317.28207397461 
317.39459228516 
317.44348144531 
316.32061767578 
316.10559082031 
315.5553894043 
315.57418823242 
315.12927246094 
315.443359375 
315.27896118164 
315.34729003906 
315.24380493164 
315.07150268555 
315.2194519043 
314.70162963867 
313.60614013672 
312.37939453125 
310.90200805664 
310.17276000977 
309.22711181641 
308.10818481445 
307.89065551758 
307.28045654297 
306.49526977539 
305.34945678711 
303.56240844727 
302.64944458008 
301.83227539062 
301.39334106445 
301.45553588867 
301.09365844727 
300.96044921875 
300.16070556641 
299.15399169922 
298.59991455078 
296.88589477539 
295.50210571289 
296.93682861328 
296.68475341797 
296.74514770508 
295.73254394531 
295.87799072266 
294.99243164062 
292.98794555664 
293.62774658203 
292.87048339844 
291.85070800781 
292.11602783203 
292.00158691406 
291.96588134766 
291.34680175781 
290.48541259766 
289.82525634766 
289.16213989258 
288.66275024414 
288.15216064453 
287.82180786133 
286.95858764648 
286.79278564453 
286.11437988281 
285.36840820312 
285.0104675293 
284.27481079102 
283.77185058594 
283.26959228516 
282.40084838867 
282.25640869141 
281.18325805664 
280.32797241211 
279.78311157227 
278.94909667969 
278.68133544922 
278.0627746582 
277.30859375 
276.74923706055 
277.06924438477 
276.34637451172 
275.71765136719 
275.22866821289 
275.17611694336 
274.66952514648 
274.5563659668 
273.78747558594 
273.76834106445 
273.58685302734 
273.46920776367 
273.73236083984 
273.42431640625 
273.11853027344 
272.30996704102 
272.41314697266 
272.27084350586 
271.9111328125 
271.75814819336 
271.99520874023 
271.35140991211 
271.51446533203 
271.67065429688 
271.86154174805 
271.50189208984 
270.74993896484 
270.34622192383 
269.73348999023 
269.39575195312 
269.17163085938 
268.72402954102 
268.23544311523 
267.75421142578 
267.24307250977 
267.47650146484 
267.18515014648 
266.90005493164 
266.84918212891 
266.22708129883 
266.12545776367 
265.31301879883 
264.26614379883 
263.60198974609 
263.29934692383 
262.81958007812 
262.51599121094 
262.02081298828 
261.21572875977 
259.98254394531 
259.48751831055 
258.97543334961 
258.18975830078 
257.0647277832 
256.52197265625 
256.15728759766 
255.11413574219 
254.55651855469 
254.32153320312 
253.53056335449 
253.16586303711 
252.96098327637 
252.64619445801 
252.00639343262 
251.10871887207 
251.00688171387 
250.71600341797 
250.06370544434 
249.86430358887 
249.4536895752 
248.8757019043 
248.60729980469 
248.11920166016 
247.63999938965 
247.2942199707 
247.11688232422 
246.49620056152 
245.70300292969 
245.25904846191 
244.3782043457 
243.39163208008 
242.83685302734 
242.08671569824 
241.4739074707 
240.55853271484 
240.16929626465 
239.6460723877 
238.23454284668 
237.34461975098 
236.75869750977 
236.19946289062 
235.59326171875 
234.54539489746 
234.12971496582 
233.1731262207 
232.62164306641 
231.20764160156 
230.02645874023 
229.19850158691 
227.94203186035 
225.93321228027 
223.67474365234 
221.82841491699 
220.0262298584 
216.97857666016 
214.46781921387 
211.85864257812 
209.00077819824 
205.79109191895 
202.47341918945 
198.73127746582 
195.54039001465 
191.37255859375 
188.55477905273 
185.07144165039 
180.50398254395 
176.3244934082 
172.6748046875 
167.97241210938 
163.77166748047 
158.63380432129 
153.46011352539 
148.71560668945 
144.07524108887 
139.4538269043 
133.44702148438 
128.3052520752 
123.14074707031 
117.88576507568 
112.3657913208 
106.54122924805 
100.96696472168 
95.092887878418 
89.335525512695 
83.924819946289 
78.69743347168 
73.209594726562 
67.553199768066 
61.689418792725 
57.932609558105 
52.654499053955 
47.402477264404 
41.913566589355 
36.14635848999 
30.860837936401 
25.809469223022 
21.028314590454 
16.360748291016 
11.447523117065 
6.6418132781982 
1.5822503566742 
-3.4988918304443 
-8.2336578369141 
-12.9586353302 
-17.534561157227 
-21.941753387451 
-27.236164093018 
-32.408458709717 
-37.030994415283 
-41.886589050293 
-46.914119720459 
-52.001396179199 
-57.555908203125 
-62.313117980957 
-68.080596923828 
-72.770980834961 
-77.371566772461 
-83.454788208008 
-88.76887512207 
-93.904563903809 
-98.949989318848 
-104.63651275635 
-110.34764862061 
-115.412109375 
-121.56880187988 
-126.80207061768 
-131.72648620605 
-137.78343200684 
-142.77073669434 
-147.70065307617 
-153.07023620605 
-158.24085998535 
-163.57234191895 
-169.56840515137 
-174.04092407227 
-178.78511047363 
-183.37199401855 
-187.50019836426 
-192.07118225098 
-196.38442993164 
-200.54211425781 
-204.70388793945 
-208.54383850098 
-212.77033996582 
-217.20529174805 
-220.54998779297 
-224.4557800293 
-228.47657775879 
-232.36296081543 
-236.00750732422 
-239.74851989746 
-243.44493103027 
-247.34799194336 
-250.99139404297 
-254.68199157715 
-257.96768188477 
-261.6403503418 
-265.52713012695 
-269.99151611328 
-273.15319824219 
-276.40219116211 
-280.12600708008 
-284.18182373047 
-288.01034545898 
-292.03753662109 
-296.24642944336 
-299.95306396484 
-304.30545043945 
-307.71408081055 
-311.88616943359 
-316.02972412109 
-319.54614257812 
-323.47378540039 
-327.37643432617 
-331.37112426758 
-335.05471801758 
-338.60827636719 
-343.25961303711 
-347.54681396484 
-351.47714233398 
-355.44720458984 
-359.85760498047 
-363.63803100586 
-367.88732910156 
-371.5986328125 
-374.96411132812 
-378.56018066406 
-382.29153442383 
-386.48501586914 
-389.68490600586 
-392.80517578125 
-396.24630737305 
-399.81802368164 
-403.59747314453 
-407.50161743164 
-410.98489379883 
-414.02416992188 
-417.81481933594 
-421.42712402344 
-425.91595458984 
-429.37875366211 
-433.18988037109 
-436.8557434082 
-441.10717773438 
-445.30160522461 
-449.66979980469 
-453.40628051758 
-457.39645385742 
-462.25814819336 
-466.83941650391 
-471.00238037109 
-475.81866455078 
-480.80908203125 
-485.77655029297 
-490.60748291016 
-495.98187255859 
-500.73342895508 
-506.36053466797 
-512.29827880859 
-517.99407958984 
-523.37133789062 
-529.13458251953 
-535.28100585938 
-541.001953125 
-546.72741699219 
-553.05487060547 
-559.54382324219 
-565.55041503906 
-572.05572509766 
-578.68243408203 
-585.55792236328 
-592.24548339844 
-599.0654296875 
-606.01641845703 
-612.95983886719 
-619.85626220703 
-626.54809570312 
-634.23968505859 
-641.37341308594 
-648.50543212891 
-656.0791015625 
-663.18933105469 
-670.91571044922 
-677.91046142578 
-685.33514404297 
-692.09747314453 
-699.08526611328 
-705.88665771484 
-713.40307617188 
-720.47021484375 
-728.71960449219 
-735.62457275391 
-743.29650878906 
-751.17486572266 
-758.00891113281 
-766.01770019531 
-773.51214599609 
-780.24560546875 
-787.95562744141 
-794.99633789062 
-802.33905029297 
-809.18872070312 
-815.99438476562 
-823.25286865234 
-829.96893310547 
-836.56506347656 
-843.42169189453 
-850.13604736328 
-856.66253662109 
-863.42065429688 
-869.90209960938 
-876.54827880859 
-882.99230957031 
-889.42578125 
-895.6044921875 
-901.50592041016 
-907.44750976562 
-913.29925537109 
-919.38873291016 
-925.052734375 
-930.55633544922 
-936.06646728516 
-941.705078125 
-947.70935058594 
-953.28918457031 
-958.82556152344 
-964.16638183594 
-969.69140625 
-974.85510253906 
-980.19598388672 
-985.12963867188 
-989.62646484375 
-994.93096923828 
-1000.2588500977 
-1005.2746582031 
-1010.249206543 
-1015.4616699219 
-1020.2272949219 
-1025.2624511719 
-1029.6939697266 
-1034.6274414062 
-1039.3862304688 
-1044.3103027344 
-1048.4642333984 
-1052.9493408203 
-1057.6904296875 
-1062.4495849609 
-1066.8265380859 
-1071.6414794922 
-1076.0643310547 
-1080.5629882812 
-1085.2205810547 
-1089.9196777344 
-1094.2868652344 
-1098.5834960938 
-1103.111328125 
-1107.4559326172 
-1111.6091308594 
-1115.8623046875 
-1120.5738525391 
-1124.4029541016 
-1129.2609863281 
-1133.4862060547 
-1137.6016845703 
-1142.5393066406 
-1146.7115478516 
-1151.2705078125 
-1155.5784912109 
-1160.5115966797 
-1165.1809082031 
-1169.9929199219 
-1174.857421875 
-1179.8759765625 
-1185.0205078125 
-1189.2927246094 
-1193.8309326172 
-1198.3901367188 
-1202.9970703125 
-1207.80078125 
-1212.3348388672 
-1216.7266845703 
-1220.9423828125 
-1225.3706054688 
-1229.6206054688 
-1233.8356933594 
-1238.2340087891 
-1242.1817626953 
-1245.9901123047 
-1250.3218994141 
-1254.3591308594 
-1258.1502685547 
-1262.2875976562 
-1266.0054931641 
-1270.0093994141 
-1273.7634277344 
-1278.0576171875 
-1281.8356933594 
-1285.5762939453 
-1289.7386474609 
-1293.7274169922 
-1297.3985595703 
-1301.2321777344 
-1304.8520507812 
-1308.5249023438 
-1312.2586669922 
-1315.7067871094 
-1319.5632324219 
-1323.0770263672 
-1327.2619628906 
-1330.6182861328 
-1334.1568603516 
-1337.8046875 
-1340.8775634766 
-1344.4946289062 
-1348.1265869141 
-1351.4906005859 
-1354.5 
-1357.9427490234 
-1361.2561035156 
-1364.8941650391 
-1368.7712402344 
-1372.6085205078 
-1376.0616455078 
-1379.6939697266 
-1382.7950439453 
-1386.6783447266 
-1390.5379638672 
-1393.3015136719 
-1396.4561767578 
-1399.4322509766 
-1402.4165039062 
-1404.7490234375 
-1407.4819335938 
-1409.9680175781 
-1412.5051269531 
-1414.4039306641 
-1416.2855224609 
-1417.3223876953 
-1418.9057617188 
-1420.0583496094 
-1421.0086669922 
-1421.7515869141 
-1422.6865234375 
-1423.1928710938 
-1422.9825439453 
-1423.3012695312 
-1423.2772216797 
-1423.1130371094 
-1422.6058349609 
-1422.5272216797 
-1421.7866210938 
-1421.6567382812 
-1421.7188720703 
-1421.8389892578 
-1421.431640625 
-1421.4271240234 
-1421.6782226562 
-1422.1151123047 
-1422.3626708984 
-1422.2498779297 
-1422.2106933594 
-1422.1851806641 
-1421.8724365234 
-1422.3132324219 
-1422.5992431641 
-1422.7158203125 
-1422.4172363281 
-1421.8884277344 
-1421.8167724609 
-1421.1279296875 
-1420.5159912109 
-1419.9965820312 
-1419.3629150391 
-1418.8489990234 
-1418.5638427734 
-1417.7015380859 
-1416.9620361328 
-1416.3157958984 
-1415.4422607422 
-1414.1990966797 
-1412.9328613281 
-1411.9388427734 
-1410.9334716797 
-1409.7214355469 
-1408.4031982422 
-1407.1469726562 
-1405.9465332031 
-1404.3504638672 
-1402.8236083984 
-1400.7009277344 
-1399.3045654297 
-1397.5803222656 
-1395.5473632812 
-1394.2507324219 
-1392.5505371094 
-1391.2976074219 
-1389.7966308594 
-1388.7102050781 
-1386.9294433594 
-1385.3204345703 
-1383.7075195312 
-1381.6926269531 
-1380.1822509766 
-1378.5490722656 
-1377.3587646484 
-1375.7923583984 
-1374.3684082031 
-1373.0196533203 
-1371.5283203125 
-1369.9594726562 
-1368.2429199219 
-1366.9334716797 
-1365.0797119141 
-1363.6275634766 
-1362.2390136719 
-1360.4865722656 
-1358.2449951172 
-1356.6379394531 
-1355.2213134766 
-1353.4763183594 
-1352.1715087891 
-1350.6373291016 
-1349.3000488281 
-1347.5931396484 
-1345.9642333984 
-1344.1142578125 
-1342.6300048828 
-1340.6287841797 
-1339.55078125 
-1338.0345458984 
-1336.6899414062 
-1335.1866455078 
-1333.900390625 
-1332.7188720703 
-1331.6018066406 
-1330.6710205078 
-1329.1375732422 
-1327.7432861328 
-1326.7615966797 
-1325.5510253906 
-1324.8435058594 
-1324.0164794922 
-1323.0428466797 
-1321.8120117188 
-1320.390625 
-1319.4971923828 
-1318.7840576172 
-1317.2418212891 
-1316.4528808594 
-1316.1534423828 
-1315.6907958984 
-1314.8143310547 
-1314.431640625 
-1314.4027099609 
-1314.3150634766 
-1313.7249755859 
-1314.3991699219 
-1314.875 
-1315.0452880859 
-1315.5015869141 
-1316.6020507812 
-1317.2255859375 
-1318.3997802734 
-1319.9500732422 
-1320.9438476562 
-1322.0456542969 
-1323.5317382812 
-1324.4031982422 
-1325.1431884766 
-1326.2242431641 
-1326.7600097656 
-1327.4493408203 
-1328.2723388672 
-1328.4957275391 
-1329.2225341797 
-1329.6145019531 
-1330.8334960938 
-1331.7551269531 
-1332.7303466797 
-1333.494140625 
-1334.2677001953 
-1335.0399169922 
-1335.4176025391 
-1335.9868164062 
-1337.0634765625 
-1337.8375244141 
-1338.7141113281 
-1339.7686767578 
-1341.2028808594 
-1342.7071533203 
-1344.2927246094 
-1345.6527099609 
-1346.73046875 
-1347.9987792969 
-1349.052734375 
-1350.0858154297 
-1351.2585449219 
-1352.9313964844 
-1354.5098876953 
-1356.1978759766 
-1357.3157958984 
-1358.4732666016 
-1359.4736328125 
-1360.4508056641 
-1361.896484375 
-1362.9458007812 
-1364.0101318359 
-1365.3874511719 
-1367.0698242188 
-1368.4339599609 
-1370.1685791016 
-1371.8740234375 
-1373.7053222656 
-1374.849609375 
-1375.8698730469 
-1377.1270751953 
-1378.8881835938 
-1379.8497314453 
-1381.4808349609 
-1382.6751708984 
-1383.5645751953 
-1385.2554931641 
-1386.5373535156 
-1387.6483154297 
-1388.486328125 
-1389.8344726562 
-1390.6342773438 
-1391.1090087891 
-1391.9809570312 
-1392.9909667969 
-1393.5235595703 
-1394.2453613281 
-1394.4495849609 
-1395.1459960938 
-1394.4654541016 
-1394.5277099609 
-1394.8608398438 
-1395.2351074219 
-1394.5137939453 
-1393.6844482422 
-1393.1964111328 
-1392.4736328125 
-1391.8199462891 
-1391.1973876953 
-1389.7023925781 
-1388.4403076172 
-1387.2313232422 
-1385.1450195312 
-1383.2442626953 
-1381.6635742188 
-1379.2648925781 
-1377.1920166016 
-1375.515625 
-1373.9719238281 
-1371.046875 
-1368.8267822266 
-1366.2025146484 
-1362.810546875 
-1360.3388671875 
-1357.3203125 
-1353.2224121094 
-1350.7709960938 
-1347.4084472656 
-1344.1119384766 
-1340.0434570312 
-1336.8485107422 
-1333.2734375 
-1330.5174560547 
-1327.1412353516 
-1324.0031738281 
-1321.1820068359 
-1317.9171142578 
-1314.1740722656 
-1311.1258544922 
-1307.4801025391 
-1303.8404541016 
-1299.4720458984 
-1295.3122558594 
-1291.0347900391 
-1286.4187011719 
-1281.830078125 
-1276.9031982422 
-1271.6148681641 
-1266.3131103516 
-1260.6506347656 
-1254.5382080078 
-1248.4890136719 
-1241.974609375 
-1235.4479980469 
-1229.4844970703 
-1222.1256103516 
-1214.9625244141 
-1207.4802246094 
-1199.8087158203 
-1191.7854003906 
-1183.1108398438 
-1174.7430419922 
-1166.5432128906 
-1157.7196044922 
-1149.1358642578 
-1140.2624511719 
-1131.4367675781 
-1122.2001953125 
-1112.3485107422 
-1102.8450927734 
-1093.2380371094 
-1082.9990234375 
-1073.1154785156 
-1063.7758789062 
-1053.62109375 
-1043.5241699219 
-1033.6322021484 
-1023.5542602539 
-1013.0900878906 
-1002.7047119141 
-991.99462890625 
-981.63562011719 
-970.63470458984 
-959.74285888672 
-948.54229736328 
-937.23907470703 
-925.58728027344 
-914.31939697266 
-902.87524414062 
-891.57568359375 
-880.34527587891 
-869.19537353516 
-857.00848388672 
-845.3125 
-833.46643066406 
-821.60437011719 
-809.68798828125 
-797.36450195312 
-784.91723632812 
-772.45739746094 
-759.56304931641 
-746.84118652344 
-734.65374755859 
-721.298828125 
-708.54174804688 
-695.58532714844 
-683.02355957031 
-669.71881103516 
-655.49261474609 
-642.10119628906 
-629.74694824219 
-616.19885253906 
-603.38555908203 
-590.25311279297 
-577.52178955078 
-565.20642089844 
-552.35455322266 
-539.50164794922 
-525.92626953125 
-513.06329345703 
-500.89981079102 
-487.95755004883 
-475.59725952148 
-463.26498413086 
-450.97280883789 
-438.3180847168 
-426.27700805664 
-414.45782470703 
-402.44998168945 
-390.24526977539 
-378.72842407227 
-367.23245239258 
-356.02059936523 
-345.13775634766 
-333.94873046875 
-323.9384765625 
-313.74731445312 
-303.98440551758 
-294.4404296875 
-285.22467041016 
-275.96948242188 
-267.28787231445 
-258.64151000977 
-249.66734313965 
-241.46618652344 
-232.95921325684 
-225.2791595459 
-216.89097595215 
-208.46315002441 
-200.50807189941 
-192.36772155762 
-184.12437438965 
-175.60952758789 
-167.869140625 
-159.57656860352 
-151.5580291748 
-143.6381072998 
-136.09884643555 
-127.71041107178 
-120.08326721191 
-112.03713226318 
-104.76690673828 
-97.446266174316 
-90.633926391602 
-83.584396362305 
-76.347801208496 
-69.409614562988 
-62.892372131348 
-55.95027923584 
-49.438510894775 
-42.331520080566 
-36.25114440918 
-28.918771743774 
-21.378656387329 
-14.570942878723 
-6.7398881912231 
1.3977954387665 
8.8939714431763 
17.039957046509 
25.283210754395 
33.379337310791 
41.580295562744 
49.402362823486 
57.754600524902 
66.088119506836 
74.229545593262 
82.71361541748 
91.019821166992 
98.449188232422 
105.99005126953 
114.11988067627 
122.12377166748 
129.97769165039 
137.69482421875 
145.37510681152 
153.51335144043 
161.65869140625 
169.5041809082 
177.79252624512 
185.77014160156 
193.81434631348 
201.82794189453 
210.27127075195 
218.58239746094 
226.65895080566 
234.84652709961 
243.01901245117 
251.04078674316 
258.86950683594 
266.53842163086 
274.27221679688 
282.0016784668 
290.02676391602 
297.79013061523 
305.29113769531 
312.98422241211 
320.57415771484 
328.45993041992 
336.34088134766 
343.72500610352 
351.5485534668 
359.15829467773 
367.02169799805 
374.63418579102 
381.46337890625 
388.65057373047 
396.74591064453 
404.82061767578 
412.05374145508 
419.67114257812 
427.24200439453 
435.44345092773 
443.59085083008 
451.5966796875 
460.08990478516 
468.38265991211 
476.69232177734 
485.38381958008 
493.99255371094 
502.43231201172 
511.27444458008 
519.8798828125 
529.24102783203 
538.67993164062 
547.64373779297 
556.80810546875 
566.05541992188 
575.63061523438 
584.81573486328 
594.30236816406 
603.46844482422 
613.12145996094 
622.57836914062 
631.80889892578 
641.30810546875 
650.96447753906 
660.10321044922 
669.78570556641 
679.49468994141 
688.97387695312 
698.69085693359 
708.78161621094 
718.73138427734 
728.81982421875 
738.97143554688 
748.64636230469 
758.42437744141 
768.96789550781 
779.32336425781 
789.40881347656 
800.12237548828 
810.07952880859 
821.10223388672 
831.78015136719 
842.18267822266 
852.84692382812 
863.35772705078 
873.70733642578 
884.58898925781 
895.82666015625 
906.76995849609 
917.37316894531 
927.62286376953 
938.02209472656 
947.78356933594 
957.99682617188 
967.82684326172 
976.88702392578 
986.58050537109 
996.24890136719 
1005.7020874023 
1014.1651611328 
1022.5078735352 
1030.5710449219 
1039.0638427734 
1046.4387207031 
1054.49609375 
1061.6848144531 
1069.8110351562 
