0 
0 
0 
0 
0 
0 
0 
0 
0 
0 
0 
0 
0 
0 
0 
0 
0 
0 
0 
0 
0 
0 
0 
0 
0 
0 
0 
0 
0 
0 
0 
0 
0 
0 
0 
0 
0 
0 
0 
0 
0 
0 
0 
0 
0 
0 
0 
0 
0 
0 
0 
0 
0 
0 
0 
0 
0 
0 
0 
0 
0 
0 
0 
0 
0 
0 
0 
0 
0 
0 
0 
0 
0 
0 
0 
0 
0 
0 
0 
0 
0 
0 
0 
0 
0 
0 
0 
0 
0 
0 
0 
0 
0 
0 
0 
0 
0 
0 
0 
0 
0 
0 
0 
0 
0 
0 
0 
0 
0 
0 
0 
0 
0 
0 
0 
0 
0 
0 
0 
0 
0 
0 
0 
0 
0 
0 
0 
0 
0 
0 
0 
0 
0 
0 
0 
0 
0 
0 
0 
0 
0 
0 
0 
0 
0 
0 
0 
0 
0 
0 
0 
0 
0 
0 
0 
0 
0 
0 
0 
0 
0 
0 
0 
0 
0 
0 
0 
0 
0 
0 
0 
0 
0 
0 
0 
0 
0 
0 
0 
0 
0 
0 
0 
0 
0 
0 
0 
0 
0 
0 
0 
0 
0 
0 
0 
0 
0 
0 
0 
0 
0 
0 
0 
0 
0 
0 
0 
0 
0 
0 
0 
0 
0 
0 
0 
0 
0 
0 
0 
0 
0 
0 
0 
0 
0 
0 
0 
0 
0 
0 
0 
0 
0 
0 
0 
0 
0 
0 
0 
0 
1077.4565429688 
1063.5367431641 
1053.2664794922 
1041.5015869141 
1026.8939208984 
1015.1405639648 
1004.1253051758 
992.83660888672 
981.89465332031 
969.82452392578 
959.193359375 
948.47210693359 
938.41296386719 
926.80944824219 
915.75433349609 
904.62640380859 
894.55334472656 
884.11444091797 
874.05560302734 
863.72650146484 
853.42962646484 
842.79650878906 
831.98040771484 
821.28436279297 
811.59545898438 
801.54864501953 
791.75750732422 
781.96148681641 
772.29547119141 
762.18121337891 
751.93078613281 
742.18981933594 
731.75146484375 
721.70465087891 
711.65368652344 
701.24041748047 
690.50750732422 
679.48120117188 
669.07153320312 
657.75720214844 
647.0634765625 
637.29815673828 
628.77960205078 
619.51519775391 
610.00207519531 
600.64532470703 
591.19665527344 
581.36602783203 
571.69012451172 
562.97882080078 
553.92895507812 
544.9580078125 
536.6982421875 
528.56781005859 
520.06408691406 
511.6686706543 
503.68936157227 
495.81521606445 
487.5959777832 
479.83700561523 
472.48547363281 
464.70343017578 
456.94195556641 
449.55313110352 
442.08056640625 
435.017578125 
427.40817260742 
419.77108764648 
412.7653503418 
405.34945678711 
397.81823730469 
390.67623901367 
383.49096679688 
376.50491333008 
369.30709838867 
362.30877685547 
355.72677612305 
349.2275390625 
343.7233581543 
338.19100952148 
332.41052246094 
326.86923217773 
321.69387817383 
316.2294921875 
312.22567749023 
307.68411254883 
302.89492797852 
298.92794799805 
294.90939331055 
291.03869628906 
287.63232421875 
283.99932861328 
280.41839599609 
277.24285888672 
274.03198242188 
270.50863647461 
267.55346679688 
264.67892456055 
261.34289550781 
259.30755615234 
256.95132446289 
254.46162414551 
251.28366088867 
248.15690612793 
245.77130126953 
242.72305297852 
240.10510253906 
236.68711853027 
232.96464538574 
229.71221923828 
226.11526489258 
221.79609680176 
217.29835510254 
212.53303527832 
207.73197937012 
202.24540710449 
196.87846374512 
191.38191223145 
185.05752563477 
179.29751586914 
172.91583251953 
166.76194763184 
160.37677001953 
153.48057556152 
147.30168151855 
140.36811828613 
134.00321960449 
126.81349945068 
120.24296569824 
112.84602355957 
106.11476135254 
98.621253967285 
91.791030883789 
84.04256439209 
76.982315063477 
69.080070495605 
62.421268463135 
54.90930557251 
48.001991271973 
40.406562805176 
32.218524932861 
24.728458404541 
17.367292404175 
9.2181024551392 
1.5067853927612 
-6.6427712440491 
-14.643125534058 
-22.159769058228 
-30.001529693604 
-37.953636169434 
-46.34387588501 
-54.60831451416 
-62.109027862549 
-70.059761047363 
-77.953903198242 
-85.842483520508 
-93.98161315918 
-101.54644012451 
-108.798828125 
-116.83332061768 
-124.28407287598 
-131.74891662598 
-138.7396697998 
-145.66125488281 
-152.31182861328 
-159.65414428711 
-166.14334106445 
-172.70083618164 
-179.23683166504 
-185.77198791504 
-191.49412536621 
-197.92399597168 
-204.05070495605 
-209.94743347168 
-215.8532409668 
-222.16500854492 
-227.92343139648 
-232.96249389648 
-238.53617858887 
-243.74351501465 
-249.02233886719 
-254.38502502441 
-259.04718017578 
-264.15341186523 
-269.2502746582 
-274.00457763672 
-279.04312133789 
-283.59902954102 
-288.18865966797 
-292.64984130859 
-297.03018188477 
-301.33770751953 
-305.77059936523 
-310.08822631836 
-314.94540405273 
-318.47393798828 
-322.0954284668 
-326.56588745117 
-330.79147338867 
-334.40127563477 
-338.30142211914 
-342.44311523438 
-345.89883422852 
-349.58193969727 
-352.99966430664 
-356.48669433594 
-359.84436035156 
-363.24984741211 
-366.47912597656 
-369.60507202148 
-372.36172485352 
-374.8420715332 
-377.6877746582 
-380.28607177734 
-382.60974121094 
-385.33023071289 
-387.53637695312 
-389.59762573242 
-391.67532348633 
-393.65686035156 
-395.69943237305 
-397.12286376953 
-398.86508178711 
-400.77642822266 
-402.75634765625 
-404.11389160156 
-405.7712097168 
-407.37518310547 
-409.21792602539 
-410.8258972168 
-413.60580444336 
-415.45397949219 
-416.48025512695 
-417.63653564453 
-419.07836914062 
-420.28521728516 
-421.73199462891 
-422.95568847656 
-424.01251220703 
-425.05938720703 
-426.14916992188 
-426.57412719727 
-427.51040649414 
-428.31338500977 
-429.47421264648 
-430.5592956543 
-431.52062988281 
-432.216796875 
-432.75421142578 
-433.21426391602 
-434.23547363281 
-434.89831542969 
-435.38204956055 
-436.37664794922 
-436.62686157227 
-436.8996887207 
-437.69561767578 
-438.21917724609 
-438.66152954102 
-438.90753173828 
-439.34729003906 
-439.43557739258 
-440.00720214844 
-439.81698608398 
-440.06158447266 
-440.61392211914 
-440.73495483398 
-440.56335449219 
-440.99847412109 
-441.18734741211 
-441.04010009766 
-441.28253173828 
-441.34045410156 
-441.20233154297 
-441.36437988281 
-441.70129394531 
-441.47894287109 
-440.88024902344 
-440.83493041992 
-440.73577880859 
-440.62466430664 
-440.32135009766 
-440.21813964844 
-439.81072998047 
-439.6208190918 
-439.18222045898 
-438.94488525391 
-438.59085083008 
-437.81091308594 
-437.18850708008 
-436.70257568359 
-436.49594116211 
-436.20852661133 
-434.81698608398 
-434.69128417969 
-434.21243286133 
-433.21020507812 
-432.44143676758 
-431.67572021484 
-431.10220336914 
-430.4753112793 
-429.26077270508 
-428.87298583984 
-428.14492797852 
-427.35647583008 
-426.64944458008 
-425.97845458984 
-425.32028198242 
-424.83248901367 
-424.24722290039 
-423.72348022461 
-423.35522460938 
-422.89279174805 
-422.15377807617 
-421.68606567383 
-421.10913085938 
-420.89785766602 
-420.14004516602 
-419.26138305664 
-418.99911499023 
-418.41580200195 
-417.80361938477 
-417.07626342773 
-416.39617919922 
-415.62295532227 
-415.13693237305 
-414.07263183594 
-413.6383972168 
-413.16256713867 
-412.75189208984 
-412.03131103516 
-411.13513183594 
-410.5573425293 
-409.76824951172 
-409.22747802734 
-408.51229858398 
-407.96936035156 
-407.56890869141 
-406.76473999023 
-406.28735351562 
-405.400390625 
-404.7610168457 
-404.41546630859 
-403.49816894531 
-402.98419189453 
-402.88168334961 
-402.28628540039 
-401.43640136719 
-400.93020629883 
-400.03329467773 
-399.65472412109 
-399.32989501953 
-398.47512817383 
-397.87219238281 
-397.18472290039 
-396.80206298828 
-396.40991210938 
-395.99758911133 
-395.43954467773 
-394.41317749023 
-393.93222045898 
-393.43298339844 
-392.75100708008 
-392.26556396484 
-391.70947265625 
-391.60971069336 
-391.18090820312 
-389.98559570312 
-389.69573974609 
-389.24227905273 
-388.50772094727 
-387.92926025391 
-387.36737060547 
-387.1510925293 
-386.31875610352 
-386.14602661133 
-385.41567993164 
-385.0158996582 
-384.57684326172 
-383.8811340332 
-383.47534179688 
-383.32952880859 
-382.93859863281 
-382.38336181641 
-382.10604858398 
-381.73654174805 
-381.28350830078 
-380.85708618164 
-380.72094726562 
-380.20770263672 
-379.75088500977 
-379.5348815918 
-379.46209716797 
-378.95050048828 
-378.60559082031 
-378.32690429688 
-377.98431396484 
-377.70974731445 
-377.13162231445 
-377.03030395508 
-376.61590576172 
-376.45385742188 
-376.14743041992 
-375.58520507812 
-375.31756591797 
-374.83444213867 
-374.98849487305 
-374.75088500977 
-374.32315063477 
-374.07632446289 
-374.11871337891 
-373.46524047852 
-373.3415222168 
-372.94570922852 
-372.46081542969 
-372.43981933594 
-372.50186157227 
-371.94897460938 
-371.7737121582 
-372.03015136719 
-371.36541748047 
-370.99761962891 
-370.67523193359 
-370.65280151367 
-370.37353515625 
-370.55200195312 
-370.2174987793 
-370.12005615234 
-370.13998413086 
-369.88916015625 
-369.93563842773 
-369.3971862793 
-368.9875793457 
-368.86138916016 
-368.95986938477 
-368.68075561523 
-368.41287231445 
-368.54721069336 
-368.24377441406 
-367.8996887207 
-367.74176025391 
-367.14147949219 
-366.77548217773 
-366.4407043457 
-366.24990844727 
-366.06533813477 
-365.70974731445 
-365.50473022461 
-365.32067871094 
-365.00234985352 
-364.60952758789 
-364.3630065918 
-364.08746337891 
-364.58160400391 
-363.91836547852 
-363.78109741211 
-363.47579956055 
-363.67007446289 
-364.20584106445 
-363.90533447266 
-363.64678955078 
-363.9255065918 
-363.9333190918 
-364.14212036133 
-363.72994995117 
-364.06518554688 
-364.32553100586 
-364.45812988281 
-364.12292480469 
-364.609375 
-364.50509643555 
-364.2197265625 
-364.60498046875 
-364.68084716797 
-364.85571289062 
-364.68347167969 
-364.99459838867 
-364.94918823242 
-365.12298583984 
-365.10263061523 
-364.86083984375 
-365.09225463867 
-365.52587890625 
-365.35876464844 
-365.19052124023 
-365.39227294922 
-365.62985229492 
-365.62445068359 
-365.58682250977 
-365.69033813477 
-365.7258605957 
-365.97369384766 
-366.25741577148 
-366.72863769531 
-366.70040893555 
-366.81378173828 
-366.98059082031 
-367.04904174805 
-367.46188354492 
-367.49356079102 
-367.41677856445 
-367.08291625977 
-367.51171875 
-367.41989135742 
-367.48977661133 
-367.63372802734 
-367.83529663086 
-367.67825317383 
-367.45510864258 
-367.67276000977 
-367.74926757812 
-367.54794311523 
-367.63757324219 
-367.64193725586 
-367.63024902344 
-367.88665771484 
-367.82513427734 
-367.99545288086 
-367.76846313477 
-367.48944091797 
-367.80792236328 
-367.8537902832 
-367.63986206055 
-367.89453125 
-367.71646118164 
-367.80572509766 
-368.23196411133 
-368.181640625 
-367.99923706055 
-368.17822265625 
-368.251953125 
-368.25323486328 
-368.26025390625 
-368.56674194336 
-368.23519897461 
-368.02941894531 
-368.49966430664 
-368.27215576172 
-367.93640136719 
-368.23022460938 
-368.46646118164 
-368.353515625 
-368.76321411133 
-368.65365600586 
-368.68048095703 
-368.61547851562 
-368.95278930664 
-368.86450195312 
-369.32418823242 
-368.83029174805 
-368.75726318359 
-369.22076416016 
-369.00338745117 
-369.21286010742 
-369.37344360352 
-369.27188110352 
-368.99481201172 
-369.16613769531 
-369.45809936523 
-369.33242797852 
-369.17224121094 
-369.60070800781 
-369.75540161133 
-369.7262878418 
-369.89447021484 
-370.01416015625 
-370.32797241211 
-370.5969543457 
-370.57885742188 
-370.87640380859 
-371.38098144531 
-371.64587402344 
-372.11352539062 
-372.46560668945 
-372.57183837891 
-373.05084228516 
-373.19488525391 
-373.13043212891 
-374.18011474609 
-374.2209777832 
-374.81692504883 
-374.95126342773 
-375.10241699219 
-375.21533203125 
-375.41848754883 
-375.70294189453 
-375.57620239258 
-375.90676879883 
-375.81042480469 
-375.56402587891 
-375.20678710938 
-374.96176147461 
-374.33297729492 
-374.07513427734 
-373.99078369141 
-373.38513183594 
-372.82730102539 
-372.24462890625 
-372.36679077148 
-371.64999389648 
-370.79251098633 
-370.88821411133 
-370.64416503906 
-369.70642089844 
-369.52398681641 
-369.10266113281 
-368.99789428711 
-368.29403686523 
-368.1608581543 
-367.89785766602 
-367.42254638672 
-367.25936889648 
-366.74331665039 
-366.20257568359 
-366.1162109375 
-365.7392578125 
-365.31744384766 
-364.76571655273 
-364.81838989258 
-364.50430297852 
-364.05834960938 
-363.55224609375 
-363.26312255859 
-362.74322509766 
-362.04611206055 
-361.65005493164 
-361.49212646484 
-360.84414672852 
-360.11032104492 
-359.71337890625 
-358.5940246582 
-358.16900634766 
-357.26934814453 
-356.15270996094 
-355.49645996094 
-354.71453857422 
-353.65454101562 
-352.47067260742 
-351.61761474609 
-350.85598754883 
-349.82949829102 
-348.73379516602 
-347.57852172852 
-346.80682373047 
-345.75842285156 
-344.50936889648 
-343.4951171875 
-342.38616943359 
-341.50344848633 
-340.45153808594 
-339.31372070312 
-338.58251953125 
-337.26354980469 
-335.87353515625 
-335.17346191406 
-333.64874267578 
-332.75628662109 
-331.49392700195 
-330.14071655273 
-329.04348754883 
-328.15853881836 
-327.11657714844 
-325.79718017578 
-324.41232299805 
-323.95919799805 
-322.73321533203 
-321.34201049805 
-319.82339477539 
-318.86279296875 
-317.89624023438 
-316.45971679688 
-315.04220581055 
-313.80639648438 
-312.26425170898 
-311.06982421875 
-309.4850769043 
-307.5830078125 
-305.76715087891 
-304.40783691406 
-302.74765014648 
-300.79443359375 
-298.927734375 
-297.50280761719 
-295.85305786133 
-294.01141357422 
-292.72659301758 
-291.00286865234 
-289.85418701172 
-288.16900634766 
-286.50659179688 
-284.89685058594 
-283.62802124023 
-282.15536499023 
-280.86383056641 
-279.51406860352 
-278.3251953125 
-276.63735961914 
-275.7903137207 
-274.29833984375 
-272.5456237793 
-271.47579956055 
-270.13702392578 
-268.87634277344 
-267.42065429688 
-266.45199584961 
-265.708984375 
-264.83428955078 
-264.4873046875 
-264.47946166992 
-264.75875854492 
-264.95263671875 
-265.44741821289 
-266.84240722656 
-268.18350219727 
-269.54635620117 
-271.39804077148 
-273.79815673828 
-275.60208129883 
-278.12167358398 
-280.87438964844 
-283.69946289062 
-285.91491699219 
-288.93212890625 
-291.90539550781 
-294.74597167969 
-297.57623291016 
-300.1872253418 
-303.03787231445 
-305.86785888672 
-308.84582519531 
-311.83200073242 
-314.89950561523 
-317.55133056641 
-320.21002197266 
-322.42544555664 
-324.73275756836 
-327.69403076172 
-330.1452331543 
-332.19598388672 
-334.67050170898 
-338.22662353516 
-340.40744018555 
-343.09735107422 
-345.79080200195 
-348.3586730957 
-350.90435791016 
-353.53558349609 
-355.16885375977 
-357.19805908203 
-359.19976806641 
-360.58306884766 
-362.20233154297 
-364.10900878906 
-365.41662597656 
-366.93560791016 
-368.86578369141 
-370.10586547852 
-371.50680541992 
-372.42486572266 
-373.18536376953 
-373.95040893555 
-374.68103027344 
-375.47973632812 
-376.43905639648 
-377.30252075195 
-377.43640136719 
-377.83047485352 
-377.9973449707 
-378.1936340332 
-378.31942749023 
-378.84118652344 
-379.2392578125 
-379.28384399414 
-379.22994995117 
-379.60427856445 
-379.67562866211 
-379.63317871094 
-379.75973510742 
-380.48043823242 
-379.25561523438 
-379.42306518555 
-379.27709960938 
-379.77722167969 
-379.38842773438 
-379.26138305664 
-379.48010253906 
-378.60330200195 
-379.02047729492 
-379.46557617188 
-379.23712158203 
-379.71041870117 
-379.57458496094 
-379.76171875 
-380.00387573242 
-380.19622802734 
-379.47702026367 
-379.70474243164 
-379.63903808594 
-379.45294189453 
-379.38107299805 
-379.21783447266 
-378.85537719727 
-378.23248291016 
-378.08181762695 
-377.98849487305 
-377.14456176758 
-376.98553466797 
-376.66275024414 
-376.11349487305 
-375.87252807617 
-375.43475341797 
-374.73620605469 
-373.97076416016 
-373.05776977539 
-372.61331176758 
-371.93521118164 
-371.30853271484 
-370.24331665039 
-369.46005249023 
-368.2170715332 
-367.45565795898 
-366.61148071289 
-365.65008544922 
-364.55111694336 
-363.25686645508 
-362.18872070312 
-361.11837768555 
-359.57562255859 
-358.35885620117 
-357.63983154297 
-355.7734375 
-354.82781982422 
-353.79602050781 
-353.15484619141 
-351.57241821289 
-350.69332885742 
-349.86822509766 
-348.79742431641 
-348.11636352539 
-347.14471435547 
-345.74234008789 
-345.02374267578 
-344.39315795898 
-343.95434570312 
-343.26779174805 
-342.42874145508 
-341.27749633789 
-340.92459106445 
-340.05117797852 
-339.12649536133 
-338.84136962891 
-337.92373657227 
-337.18783569336 
-337.04766845703 
-336.0959777832 
-335.35467529297 
-334.95181274414 
-334.11627197266 
-333.03555297852 
-332.24645996094 
-331.50802612305 
-330.71960449219 
-329.82345581055 
-328.95989990234 
-327.61483764648 
-326.61367797852 
-325.6555480957 
-324.74426269531 
-323.99746704102 
-322.67895507812 
-321.57150268555 
-320.74008178711 
-319.30978393555 
-317.88031005859 
-316.8801574707 
-315.55355834961 
-314.162109375 
-312.75119018555 
-311.23406982422 
-309.58932495117 
-308.47741699219 
-307.44909667969 
-306.38339233398 
-304.8391418457 
-303.30184936523 
-302.00015258789 
-300.65835571289 
-299.49295043945 
-298.22344970703 
-296.56066894531 
-295.0290222168 
-293.55740356445 
-291.83435058594 
-290.65386962891 
-288.87506103516 
-287.43762207031 
-286.34963989258 
-284.45989990234 
-283.53353881836 
-281.94351196289 
-280.5478515625 
-279.44262695312 
-278.17269897461 
-277.07473754883 
-276.14910888672 
-275.32730102539 
-274.47146606445 
-273.6728515625 
-272.97543334961 
-272.87289428711 
-273.11437988281 
-272.88528442383 
-272.91220092773 
-272.9358215332 
-273.42916870117 
-274.30020141602 
-275.41516113281 
-276.08020019531 
-277.46377563477 
-278.48968505859 
-279.73727416992 
-281.28787231445 
-282.46997070312 
-284.35458374023 
-285.73187255859 
-287.53671264648 
-289.26864624023 
-291.11563110352 
-292.80227661133 
-294.40911865234 
-296.15875244141 
-297.80093383789 
-299.80328369141 
-301.45190429688 
-302.89474487305 
-304.26840209961 
-306.28411865234 
-308.37405395508 
-309.89025878906 
-311.85443115234 
-313.64379882812 
-315.13287353516 
-317.03628540039 
-318.83346557617 
-320.43600463867 
-322.29501342773 
-324.19348144531 
-325.51251220703 
-327.33068847656 
-328.91461181641 
-329.79537963867 
-331.69607543945 
-333.07034301758 
-334.44064331055 
-335.57998657227 
-336.48336791992 
-337.53353881836 
-338.91491699219 
-339.71304321289 
-341.10693359375 
-341.97137451172 
-343.33166503906 
-344.41610717773 
-345.55548095703 
-346.82830810547 
-348.16168212891 
-348.72055053711 
-349.81597900391 
-350.9416809082 
-351.93893432617 
-352.79867553711 
-353.86697387695 
-354.53622436523 
-355.31442260742 
-356.6611328125 
-356.80532836914 
-357.82113647461 
-358.39013671875 
-359.13046264648 
-359.8235168457 
-360.43603515625 
-361.05358886719 
-361.71536254883 
-362.21090698242 
-362.4143371582 
-363.01284790039 
-363.25128173828 
-364.11083984375 
-364.62484741211 
-364.83554077148 
-365.59762573242 
-365.64834594727 
-365.4714050293 
-365.97741699219 
-366.1408996582 
-366.21286010742 
-366.40222167969 
-366.58981323242 
-367.2214050293 
-366.93783569336 
-367.23858642578 
-366.95782470703 
-367.26171875 
-367.02380371094 
-366.83740234375 
-366.78744506836 
-366.72250366211 
-366.3957824707 
-366.28952026367 
-366.30404663086 
-366.32830810547 
-365.9938659668 
-365.84222412109 
-365.67559814453 
-365.73748779297 
-365.59927368164 
-365.35949707031 
-365.02331542969 
-364.52288818359 
-364.67565917969 
-364.3805847168 
-363.80535888672 
-363.20449829102 
-363.29928588867 
-362.64974975586 
-362.33053588867 
-361.99331665039 
-361.94769287109 
-361.44216918945 
-361.69369506836 
-361.05419921875 
-361.13430786133 
-361.03735351562 
-360.66720581055 
-360.76748657227 
-360.32238769531 
-360.10931396484 
-360.67150878906 
-359.93603515625 
-359.73895263672 
-359.99755859375 
-360.1279296875 
-360.07238769531 
-360.09298706055 
-359.5989074707 
-360.08987426758 
-360.15713500977 
-360.29055786133 
-360.20504760742 
-360.02169799805 
-360.36331176758 
-360.87481689453 
-360.7580871582 
-360.8264465332 
-361.05740356445 
-361.06021118164 
-361.56048583984 
-361.80581665039 
-361.81341552734 
-362.36373901367 
-362.49862670898 
-363.31332397461 
-363.64031982422 
-363.88473510742 
-364.51760864258 
-365.00347900391 
-366.01748657227 
-366.68713378906 
-367.5817565918 
-368.95520019531 
-369.35418701172 
-369.87094116211 
-371.60003662109 
-372.51657104492 
-373.24203491211 
-374.55883789062 
-375.56805419922 
-377.00326538086 
-378.44967651367 
-379.4225769043 
-380.63226318359 
-382.10775756836 
-383.31774902344 
-384.32666015625 
-385.18417358398 
-386.62115478516 
-388.06796264648 
-388.8938293457 
-389.86117553711 
-390.8662109375 
-391.91906738281 
-393.08862304688 
-393.50881958008 
-393.83831787109 
-394.67553710938 
-395.25964355469 
-395.72912597656 
-396.38519287109 
-396.78475952148 
-397.37936401367 
-397.71017456055 
-397.98309326172 
-398.39395141602 
-398.65866088867 
-398.87966918945 
-399.43142700195 
-399.84295654297 
-400.04370117188 
-400.39199829102 
-400.63903808594 
-400.76483154297 
-401.29486083984 
-401.49966430664 
-401.57751464844 
-401.90621948242 
-402.24072265625 
-402.75216674805 
-403.14273071289 
-403.46438598633 
-403.27111816406 
-404.09115600586 
-404.45266723633 
-404.39892578125 
-404.72048950195 
-404.80746459961 
-405.19781494141 
-405.58203125 
-406.0973815918 
-406.34805297852 
-406.82608032227 
-407.2080078125 
-407.66122436523 
-408.39572143555 
-408.65570068359 
-409.19250488281 
-409.74731445312 
-410.38317871094 
-410.90951538086 
-411.42037963867 
-412.00384521484 
-412.28076171875 
-412.6203918457 
-413.02944946289 
-413.27941894531 
-413.83557128906 
-414.35760498047 
-414.45608520508 
-415.0393371582 
-415.59283447266 
-415.39828491211 
-416.10870361328 
-416.80804443359 
-416.53799438477 
-416.76098632812 
-417.33581542969 
-417.6494140625 
-418.05416870117 
-418.57666015625 
-419.05642700195 
-419.26043701172 
-419.54550170898 
-419.94061279297 
-420.00659179688 
-420.16928100586 
-420.54843139648 
-420.89398193359 
-421.22528076172 
-421.4645690918 
-421.84356689453 
-421.92977905273 
-421.87387084961 
-422.34149169922 
-422.26947021484 
-422.2721862793 
-422.33212280273 
-422.44903564453 
-422.12869262695 
-421.6741027832 
-421.8317565918 
-421.67352294922 
-421.61370849609 
-421.61465454102 
-421.05215454102 
-421.02270507812 
-420.9787902832 
-420.95028686523 
-420.43869018555 
-420.28890991211 
-420.10757446289 
-419.97445678711 
-419.72686767578 
-419.51684570312 
-418.92098999023 
-418.65582275391 
-418.85559082031 
-418.44943237305 
-418.10900878906 
-417.68115234375 
-417.51657104492 
-417.42358398438 
-417.12582397461 
-416.54739379883 
-415.83282470703 
-415.87066650391 
-415.59851074219 
-415.38735961914 
-414.98336791992 
-414.45452880859 
-414.06173706055 
-413.93588256836 
-413.61178588867 
-413.02523803711 
-412.90942382812 
-412.56530761719 
-412.50527954102 
-412.15112304688 
-411.71710205078 
-411.45727539062 
-411.02416992188 
-410.59939575195 
-410.77307128906 
-410.36294555664 
-410.18478393555 
-409.44262695312 
-409.44482421875 
-409.11968994141 
-408.98715209961 
-408.53469848633 
-408.18658447266 
-407.8232421875 
-407.43020629883 
-407.54330444336 
-407.24447631836 
-406.63754272461 
-406.37649536133 
-405.94140625 
-405.67913818359 
-405.01498413086 
-404.32479858398 
-404.56207275391 
-404.1803894043 
-404.24609375 
-403.74505615234 
-403.1535949707 
-403.10928344727 
-402.71578979492 
-402.74090576172 
-402.24996948242 
-402.01995849609 
-401.66912841797 
-401.49060058594 
-401.4684753418 
-401.76065063477 
-401.53149414062 
-402.05804443359 
-401.90264892578 
-402.39306640625 
-402.32720947266 
-402.88107299805 
-403.38806152344 
-404.03652954102 
-404.42840576172 
-405.21807861328 
-405.92242431641 
-407.10855102539 
-407.81292724609 
-408.82275390625 
-410.27432250977 
-411.58944702148 
-412.96600341797 
-414.33041381836 
-416.11505126953 
-417.45742797852 
-419.28540039062 
-420.58575439453 
-422.35220336914 
-424.24917602539 
-426.08331298828 
-428.12026977539 
-430.07315063477 
-431.21173095703 
-433.19131469727 
-434.53448486328 
-436.06652832031 
-437.52505493164 
-439.25900268555 
-440.44934082031 
-442.28668212891 
-444.12951660156 
-445.25546264648 
-446.33291625977 
-447.59356689453 
-448.61013793945 
-449.31365966797 
-449.93023681641 
-450.86227416992 
-451.65505981445 
-452.03555297852 
-452.61437988281 
-453.2060546875 
-453.5654296875 
-453.8173828125 
-453.71279907227 
-453.85336303711 
-453.49313354492 
-453.84942626953 
-453.11798095703 
-452.8489074707 
-452.83483886719 
-452.31018066406 
-451.74465942383 
-451.33145141602 
-450.61859130859 
-449.64288330078 
-448.77386474609 
-448.12130737305 
-447.15600585938 
-446.19357299805 
-445.36654663086 
-443.85656738281 
-442.85751342773 
-441.74545288086 
-440.61529541016 
-439.41915893555 
-438.23547363281 
-436.94046020508 
-435.47286987305 
-434.22940063477 
-432.65740966797 
-431.0803527832 
-429.41430664062 
-427.94458007812 
-426.39901733398 
-424.98352050781 
-423.29693603516 
-422.12225341797 
-420.41375732422 
-418.81481933594 
-417.29415893555 
-415.7341003418 
-414.39559936523 
-412.20205688477 
-410.75473022461 
-409.4475402832 
-407.70727539062 
-406.52352905273 
-405.05960083008 
-403.69778442383 
-402.44470214844 
-400.79733276367 
-399.52136230469 
-398.00271606445 
-396.53652954102 
-395.29507446289 
-393.81790161133 
-392.22299194336 
-391.02386474609 
-389.69305419922 
-388.53280639648 
-387.39935302734 
-386.01239013672 
-384.56497192383 
-383.15356445312 
-381.76806640625 
-380.3349609375 
-378.44125366211 
-376.76303100586 
-375.52435302734 
-374.33697509766 
-372.60223388672 
-371.04153442383 
-369.99710083008 
-369.02941894531 
-367.71520996094 
-366.69247436523 
-366.08737182617 
-365.50030517578 
-365.43383789062 
-365.64099121094 
-366.03668212891 
-367.08560180664 
-368.0537109375 
-369.0383605957 
-370.28109741211 
-372.04943847656 
-374.22854614258 
-376.79135131836 
-379.34613037109 
-382.60824584961 
-385.9856262207 
-389.68414306641 
-393.56784057617 
-396.97482299805 
-400.8332824707 
-404.35757446289 
-408.43161010742 
-412.53811645508 
-416.56185913086 
-420.67575073242 
-425.02923583984 
-429.20281982422 
-433.13900756836 
-437.29092407227 
-441.12487792969 
-444.70217895508 
-448.2389831543 
-451.68435668945 
-455.44540405273 
-459.22845458984 
-462.7470703125 
-466.14065551758 
-469.29418945312 
-472.18270874023 
-474.79605102539 
-476.86627197266 
-479.37149047852 
-481.73751831055 
-484.38159179688 
-486.62451171875 
-488.71475219727 
-490.87420654297 
-492.92474365234 
-494.55908203125 
-495.93954467773 
-497.17337036133 
-498.18240356445 
-499.33743286133 
-500.34649658203 
-500.97274780273 
-501.90045166016 
-502.33047485352 
-502.83236694336 
-502.89202880859 
-503.07168579102 
-502.46673583984 
-502.18579101562 
-501.25112915039 
-500.88360595703 
-500.61264038086 
-499.6096496582 
-498.90557861328 
-498.34298706055 
-497.24780273438 
-496.08724975586 
-494.62127685547 
-493.755859375 
-492.23690795898 
-490.76364135742 
-489.09664916992 
-487.92468261719 
-486.62020874023 
-484.96505737305 
-483.1315612793 
-481.50891113281 
-479.97735595703 
-478.24554443359 
-476.33581542969 
-474.15737915039 
-471.98654174805 
-469.67248535156 
-466.98992919922 
-464.42929077148 
-461.7643737793 
-459.42886352539 
-456.7561340332 
-453.79495239258 
-451.08221435547 
-448.20208740234 
-445.58535766602 
-442.33715820312 
-439.66177368164 
-436.48541259766 
-433.05667114258 
-430.02557373047 
-426.77893066406 
-423.52209472656 
-420.33889770508 
-416.61077880859 
-413.41796875 
-409.75369262695 
-406.08724975586 
-402.42553710938 
-399.16262817383 
-395.56689453125 
-392.01214599609 
-388.3359375 
-384.52435302734 
-380.57086181641 
-377.11929321289 
-372.98556518555 
-369.39144897461 
-366.09533691406 
-362.69454956055 
-359.50329589844 
-356.22225952148 
-352.90350341797 
-349.44018554688 
-346.23138427734 
-342.35327148438 
-339.44195556641 
-335.70129394531 
-332.91006469727 
-330.06951904297 
-327.02191162109 
-324.07727050781 
-321.50457763672 
-318.26138305664 
-315.43118286133 
-312.37445068359 
-309.80535888672 
-307.31878662109 
-305.17041015625 
-302.37384033203 
-300.40032958984 
-297.40576171875 
-294.71008300781 
-292.20599365234 
-289.35494995117 
-287.52639770508 
-285.2883605957 
-283.21246337891 
-280.64331054688 
-278.76574707031 
-276.93536376953 
-274.98428344727 
-272.37271118164 
-270.24273681641 
-268.24282836914 
-266.67083740234 
-265.12600708008 
-263.65466308594 
-261.92263793945 
-260.13812255859 
-258.68344116211 
-257.03283691406 
-255.97215270996 
-254.77398681641 
-253.58695983887 
-252.54243469238 
-251.75541687012 
-251.33403015137 
-250.29209899902 
-249.11108398438 
-248.82804870605 
-248.51179504395 
-248.04150390625 
-247.97750854492 
-247.57205200195 
-247.2018737793 
-246.86033630371 
-246.70748901367 
-246.49641418457 
-246.8419342041 
-247.18452453613 
-248.22235107422 
-248.86973571777 
-249.83256530762 
-250.76281738281 
-252.18371582031 
-253.42468261719 
-254.94662475586 
-256.58029174805 
-257.67684936523 
-258.92300415039 
-261.01223754883 
-263.12438964844 
-264.44277954102 
-266.12789916992 
-267.83929443359 
-269.65264892578 
-272.11801147461 
-274.232421875 
-276.37521362305 
-278.1028137207 
-280.63412475586 
-282.98852539062 
-285.20468139648 
-287.41262817383 
-290.02493286133 
-292.49722290039 
-294.93054199219 
-297.09408569336 
-299.49032592773 
-301.5563659668 
-303.25799560547 
-305.74545288086 
-307.44760131836 
-309.3762512207 
-310.92239379883 
-312.99111938477 
-314.15744018555 
-315.70321655273 
-317.32440185547 
-318.89868164062 
-320.11239624023 
-321.23779296875 
-322.99423217773 
-324.1721496582 
-325.75839233398 
-327.06958007812 
-328.45040893555 
-329.61962890625 
-331.15048217773 
-332.48104858398 
-333.4736328125 
-334.89639282227 
-336.63598632812 
-337.63317871094 
-339.02612304688 
-340.35632324219 
-342.23837280273 
-344.02874755859 
-345.65515136719 
-347.52017211914 
-349.60614013672 
-351.73446655273 
-353.74423217773 
-355.84884643555 
-357.58502197266 
-359.7815246582 
-361.44207763672 
-363.20404052734 
-364.98101806641 
-366.21188354492 
-367.70938110352 
-368.46926879883 
-369.40649414062 
-370.74346923828 
-371.5485534668 
-372.6965637207 
-373.64154052734 
-374.16320800781 
-375.32800292969 
-376.1848449707 
-376.79159545898 
-377.30233764648 
-378.41488647461 
-378.98748779297 
-379.61712646484 
-379.80145263672 
-380.23959350586 
-380.6086730957 
-381.23825073242 
-381.37728881836 
-381.83364868164 
-382.17794799805 
-382.77206420898 
-383.40209960938 
-384.04013061523 
-384.06381225586 
-384.47714233398 
-385.03854370117 
-385.65548706055 
-386.23867797852 
-386.60488891602 
-387.58706665039 
-387.71334838867 
-388.03329467773 
-388.66665649414 
-389.24279785156 
-389.59231567383 
-389.81756591797 
-389.97741699219 
-390.51019287109 
-390.45623779297 
-390.92712402344 
-391.06155395508 
-390.86297607422 
-390.96691894531 
-390.66738891602 
-390.83444213867 
-390.93319702148 
-390.74145507812 
-390.70529174805 
-389.90368652344 
-389.61294555664 
-389.29678344727 
-388.65115356445 
-388.02850341797 
-387.3193359375 
-386.46142578125 
-385.90121459961 
-385.00997924805 
-383.9309387207 
-382.92272949219 
-382.201171875 
-381.22406005859 
-380.62112426758 
-379.37609863281 
-378.12310791016 
-377.48379516602 
-376.56372070312 
-375.31301879883 
-374.01226806641 
-372.88690185547 
-371.69686889648 
-370.25845336914 
-369.16577148438 
-367.86727905273 
-366.47296142578 
-365.29672241211 
-363.86334228516 
-362.72421264648 
-361.09338378906 
-359.61187744141 
-358.48065185547 
-356.9157409668 
-355.01843261719 
-352.89672851562 
-350.61630249023 
-348.19668579102 
-345.71600341797 
-343.60845947266 
-341.15866088867 
-338.65771484375 
-336.34622192383 
-334.01815795898 
-331.86328125 
-329.20315551758 
-326.51721191406 
-324.0546875 
-321.85369873047 
-319.55346679688 
-317.26165771484 
-315.2366027832 
-312.69552612305 
-310.30862426758 
-307.78802490234 
-305.53555297852 
-303.19326782227 
-300.67327880859 
-297.91381835938 
-295.54745483398 
-292.99749755859 
-290.23565673828 
-288.08743286133 
-285.30996704102 
-282.69564819336 
-280.29870605469 
-277.64077758789 
-274.96868896484 
-272.55838012695 
-270.29806518555 
-268.15484619141 
-266.02359008789 
-264.16152954102 
-262.38656616211 
-260.85018920898 
-259.49102783203 
-258.23547363281 
-257.41741943359 
-256.50988769531 
-255.86476135254 
-255.38900756836 
-255.03364562988 
-254.87811279297 
-254.93707275391 
-254.8603515625 
-255.19848632812 
-255.71202087402 
