0 
0 
0 
0 
0 
0 
0 
0 
0 
0 
0 
0 
0 
0 
0 
0 
0 
0 
0 
0 
0 
0 
0 
0 
0 
0 
0 
0 
0 
0 
0 
0 
0 
0 
0 
0 
0 
0 
0 
0 
0 
0 
0 
0 
0 
0 
0 
0 
0 
0 
0 
0 
0 
0 
0 
0 
0 
0 
0 
0 
0 
0 
0 
0 
0 
0 
0 
0 
0 
0 
0 
0 
0 
0 
0 
0 
0 
0 
0 
0 
0 
0 
0 
0 
0 
0 
0 
0 
0 
0 
0 
0 
0 
0 
0 
0 
0 
0 
0 
0 
0 
0 
0 
0 
0 
0 
0 
0 
0 
0 
0 
0 
0 
0 
0 
0 
0 
0 
0 
0 
0 
0 
0 
0 
0 
0 
0 
0 
0 
0 
0 
0 
0 
0 
0 
0 
0 
0 
0 
0 
0 
0 
0 
0 
0 
0 
0 
0 
0 
0 
0 
0 
0 
0 
0 
0 
0 
0 
0 
0 
0 
0 
0 
0 
0 
0 
0 
0 
0 
0 
0 
0 
0 
0 
0 
0 
0 
0 
0 
0 
0 
0 
0 
0 
0 
0 
0 
0 
0 
0 
0 
0 
0 
0 
0 
0 
0 
0 
0 
0 
0 
0 
0 
0 
0 
0 
0 
0 
0 
0 
0 
0 
0 
0 
0 
0 
0 
0 
0 
0 
0 
0 
0 
0 
0 
0 
0 
0 
0 
0 
0 
0 
0 
0 
0 
0 
0 
0 
0 
0 
1077.4565429688 
13.919799804688 
10.270263671875 
11.764892578125 
14.607666015625 
11.753356933594 
11.015258789062 
11.288696289062 
10.941955566406 
12.070129394531 
10.631164550781 
10.721252441406 
10.059143066406 
11.603515625 
11.055114746094 
11.1279296875 
10.073059082031 
10.438903808594 
10.058837890625 
10.3291015625 
10.296875 
10.633117675781 
10.816101074219 
10.696044921875 
9.6889038085938 
10.046813964844 
9.7911376953125 
9.7960205078125 
9.666015625 
10.1142578125 
10.250427246094 
9.740966796875 
10.438354492188 
10.046813964844 
10.050964355469 
10.413269042969 
10.73291015625 
11.026306152344 
10.40966796875 
11.314331054688 
10.693725585938 
9.7653198242188 
8.5185546875 
9.264404296875 
9.5131225585938 
9.3567504882812 
9.4486694335938 
9.8306274414062 
9.6759033203125 
8.7113037109375 
9.0498657226562 
8.970947265625 
8.259765625 
8.1304321289062 
8.5037231445312 
8.3954162597656 
7.9793090820312 
7.8741455078125 
8.21923828125 
7.7589721679688 
7.3515319824219 
7.7820434570312 
7.761474609375 
7.3888244628906 
7.4725646972656 
7.06298828125 
7.6094055175781 
7.6370849609375 
7.0057373046875 
7.4158935546875 
7.5312194824219 
7.1419982910156 
7.1852722167969 
6.9860534667969 
7.1978149414062 
6.9983215332031 
6.5820007324219 
6.4992370605469 
5.5041809082031 
5.5323486328125 
5.7804870605469 
5.5412902832031 
5.1753540039062 
5.4643859863281 
4.0038146972656 
4.5415649414062 
4.7891845703125 
3.9669799804688 
4.0185546875 
3.8706970214844 
3.4063720703125 
3.6329956054688 
3.5809326171875 
3.175537109375 
3.2108764648438 
3.5233459472656 
2.9551696777344 
2.8745422363281 
3.3360290527344 
2.0353393554688 
2.3562316894531 
2.4897003173828 
3.1779632568359 
3.1267547607422 
2.3856048583984 
3.0482482910156 
2.6179504394531 
3.4179840087891 
3.7224731445312 
3.2524261474609 
3.5969543457031 
4.3191680908203 
4.4977416992188 
4.7653198242188 
4.8010559082031 
5.486572265625 
5.366943359375 
5.4965515136719 
6.3243865966797 
5.760009765625 
6.3816833496094 
6.1538848876953 
6.3851776123047 
6.8961944580078 
6.1788940429688 
6.9335632324219 
6.3648986816406 
7.1897201538086 
6.5705337524414 
7.3969421386719 
6.7312622070312 
7.4935073852539 
6.8302230834961 
7.7484664916992 
7.0602493286133 
7.9022445678711 
6.6588020324707 
7.511962890625 
6.9073143005371 
7.5954284667969 
8.1880378723145 
7.4900665283203 
7.3611660003662 
8.1491899490356 
7.7113170623779 
8.1495566368103 
8.0003542900085 
7.5166435241699 
7.841760635376 
7.9521064758301 
8.3902397155762 
8.2644386291504 
7.5007133483887 
7.9507331848145 
7.8941421508789 
7.8885803222656 
8.1391296386719 
7.564826965332 
7.2523880004883 
8.0344924926758 
7.4507522583008 
7.46484375 
6.9907531738281 
6.9215850830078 
6.6505737304688 
7.3423156738281 
6.4891967773438 
6.5574951171875 
6.5359954833984 
6.53515625 
5.7221374511719 
6.4298706054688 
6.126708984375 
5.896728515625 
5.9058074951172 
6.311767578125 
5.7584228515625 
5.0390625 
5.5736846923828 
5.2073364257812 
5.2788238525391 
5.3626861572266 
4.6621551513672 
5.1062316894531 
5.0968627929688 
4.7543029785156 
5.0385437011719 
4.555908203125 
4.5896301269531 
4.461181640625 
4.3803405761719 
4.3075256347656 
4.4328918457031 
4.317626953125 
4.857177734375 
3.5285339355469 
3.6214904785156 
4.470458984375 
4.2255859375 
3.6098022460938 
3.900146484375 
4.1416931152344 
3.4557189941406 
3.68310546875 
3.417724609375 
3.4870300292969 
3.357666015625 
3.4054870605469 
3.2292785644531 
3.1259460449219 
2.7566528320312 
2.4803466796875 
2.845703125 
2.5982971191406 
2.3236694335938 
2.7204895019531 
2.2061462402344 
2.0612487792969 
2.0776977539062 
1.9815368652344 
2.0425720214844 
1.4234313964844 
1.7422180175781 
1.9113464355469 
1.9799194335938 
1.3575439453125 
1.6573181152344 
1.6039733886719 
1.8427429199219 
1.6079711914062 
2.7799072265625 
1.8481750488281 
1.0262756347656 
1.1562805175781 
1.4418334960938 
1.2068481445312 
1.44677734375 
1.2236938476562 
1.0568237304688 
1.046875 
1.0897827148438 
0.42495727539062 
0.936279296875 
0.802978515625 
1.1608276367188 
1.0850830078125 
0.96133422851562 
0.6961669921875 
0.53741455078125 
0.46005249023438 
1.0212097167969 
0.662841796875 
0.48373413085938 
0.99459838867188 
0.25021362304688 
0.2728271484375 
0.79592895507812 
0.5235595703125 
0.44235229492188 
0.24600219726562 
0.43975830078125 
0.088287353515625 
0.57162475585938 
0.19021606445312 
0.24459838867188 
0.55233764648438 
0.12103271484375 
0.17160034179688 
0.43511962890625 
0.18887329101562 
0.14724731445312 
0.242431640625 
0.05792236328125 
0.13812255859375 
0.16204833984375 
0.3369140625 
0.22235107421875 
0.59869384765625 
0.045318603515625 
0.099151611328125 
0.11111450195312 
0.30331420898438 
0.10321044921875 
0.40740966796875 
0.18991088867188 
0.4385986328125 
0.23733520507812 
0.35403442382812 
0.77993774414062 
0.62240600585938 
0.48593139648438 
0.20663452148438 
0.28741455078125 
1.3915405273438 
0.12570190429688 
0.47885131835938 
1.0022277832031 
0.76876831054688 
0.76571655273438 
0.57351684570312 
0.62689208984375 
1.2145385742188 
0.38778686523438 
0.72805786132812 
0.7884521484375 
0.70703125 
0.67098999023438 
0.65817260742188 
0.48779296875 
0.58526611328125 
0.52374267578125 
0.36825561523438 
0.46243286132812 
0.739013671875 
0.46771240234375 
0.57693481445312 
0.21127319335938 
0.7578125 
0.878662109375 
0.26226806640625 
0.58331298828125 
0.6121826171875 
0.72735595703125 
0.68008422851562 
0.77322387695312 
0.48602294921875 
1.0643005371094 
0.43423461914062 
0.475830078125 
0.41067504882812 
0.7205810546875 
0.89617919921875 
0.57778930664062 
0.78909301757812 
0.540771484375 
0.71517944335938 
0.54293823242188 
0.40045166015625 
0.80416870117188 
0.47738647460938 
0.886962890625 
0.63937377929688 
0.34555053710938 
0.91729736328125 
0.51397705078125 
0.10250854492188 
0.59539794921875 
0.84988403320312 
0.50619506835938 
0.89691162109375 
0.37857055664062 
0.3248291015625 
0.85476684570312 
0.60293579101562 
0.68746948242188 
0.38265991210938 
0.39215087890625 
0.41232299804688 
0.55804443359375 
1.0263671875 
0.48095703125 
0.49923706054688 
0.68197631835938 
0.48544311523438 
0.55609130859375 
0.099761962890625 
0.42880249023438 
1.1953125 
0.28985595703125 
0.45346069335938 
0.73455810546875 
0.57846069335938 
0.5618896484375 
0.21627807617188 
0.83233642578125 
0.1727294921875 
0.7303466796875 
0.3997802734375 
0.43905639648438 
0.69570922851562 
0.40579223632812 
0.14581298828125 
0.39093017578125 
0.55523681640625 
0.27731323242188 
0.3695068359375 
0.45303344726562 
0.42642211914062 
0.13613891601562 
0.51324462890625 
0.45681762695312 
0.21600341796875 
0.072784423828125 
0.5115966796875 
0.34490966796875 
0.2786865234375 
0.34259033203125 
0.27456665039062 
0.578125 
0.101318359375 
0.41439819335938 
0.16204833984375 
0.30642700195312 
0.56222534179688 
0.26763916015625 
0.48312377929688 
0.154052734375 
0.23760986328125 
0.427734375 
0.246826171875 
0.042388916015625 
0.65347290039062 
0.12371826171875 
0.39581298828125 
0.48489379882812 
0.02099609375 
0.062042236328125 
0.55288696289062 
0.17526245117188 
0.25643920898438 
0.66473388671875 
0.3677978515625 
0.3223876953125 
0.022430419921875 
0.27926635742188 
0.178466796875 
0.33450317382812 
0.097442626953125 
0.019927978515625 
0.25082397460938 
0.046478271484375 
0.5384521484375 
0.40960693359375 
0.12619018554688 
0.098480224609375 
0.27911376953125 
0.26788330078125 
0.13433837890625 
0.30343627929688 
0.34408569335938 
0.15792846679688 
0.60028076171875 
0.36599731445312 
0.33477783203125 
0.1907958984375 
0.1845703125 
0.3555908203125 
0.20501708984375 
0.18405151367188 
0.31832885742188 
0.392822265625 
0.24652099609375 
0.27554321289062 
0.494140625 
0.66323852539062 
0.13726806640625 
0.3052978515625 
0.19427490234375 
0.5357666015625 
0.30050659179688 
0.258544921875 
0.27871704101562 
0.0078125 
0.20880126953125 
0.41217041015625 
0.33523559570312 
0.26034545898438 
0.13259887695312 
0.335205078125 
0.4864501953125 
0.10427856445312 
0.28536987304688 
0.38525390625 
0.07586669921875 
0.17486572265625 
0.1722412109375 
0.31112670898438 
0.04541015625 
0.17379760742188 
0.020355224609375 
0.24179077148438 
0.23141479492188 
0.43362426757812 
0.1671142578125 
0.16824340820312 
0.20175170898438 
0.23757934570312 
0.005401611328125 
0.037628173828125 
0.103515625 
0.0355224609375 
0.24783325195312 
0.28372192382812 
0.47122192382812 
0.028228759765625 
0.11337280273438 
0.16680908203125 
0.068450927734375 
0.412841796875 
0.03167724609375 
0.0767822265625 
0.3338623046875 
0.42880249023438 
0.091827392578125 
0.06988525390625 
0.14395141601562 
0.20156860351562 
0.15704345703125 
0.22314453125 
0.2176513671875 
0.076507568359375 
0.20132446289062 
0.089630126953125 
0.004364013671875 
0.011688232421875 
0.25640869140625 
0.0615234375 
0.17031860351562 
0.22698974609375 
0.27902221679688 
0.3184814453125 
0.045867919921875 
0.21392822265625 
0.25466918945312 
0.17807006835938 
0.089263916015625 
0.42623901367188 
0.050323486328125 
0.18240356445312 
0.17898559570312 
0.07373046875 
0.00128173828125 
0.00701904296875 
0.30648803710938 
0.33154296875 
0.20578002929688 
0.47024536132812 
0.22750854492188 
0.33575439453125 
0.2938232421875 
0.23623657226562 
0.11294555664062 
0.40969848632812 
0.10955810546875 
0.026824951171875 
0.06500244140625 
0.33731079101562 
0.088287353515625 
0.45968627929688 
0.493896484375 
0.073028564453125 
0.4635009765625 
0.21737670898438 
0.20947265625 
0.16058349609375 
0.1015625 
0.27706909179688 
0.17132568359375 
0.29196166992188 
0.12567138671875 
0.16018676757812 
0.428466796875 
0.15469360351562 
0.02911376953125 
0.16818237304688 
0.11968994140625 
0.31381225585938 
0.26898193359375 
0.018096923828125 
0.29754638671875 
0.50457763671875 
0.264892578125 
0.4676513671875 
0.35208129882812 
0.10623168945312 
0.47900390625 
0.14404296875 
0.064453125 
1.0496826171875 
0.040863037109375 
0.595947265625 
0.13433837890625 
0.15115356445312 
0.1129150390625 
0.20315551757812 
0.28445434570312 
0.12673950195312 
0.33056640625 
0.096343994140625 
0.24639892578125 
0.35723876953125 
0.24502563476562 
0.6287841796875 
0.25784301757812 
0.0843505859375 
0.60565185546875 
0.55783081054688 
0.58267211914062 
0.12216186523438 
0.716796875 
0.85748291015625 
0.095703125 
0.24404907226562 
0.937744140625 
0.18243408203125 
0.42132568359375 
0.10476684570312 
0.703857421875 
0.1331787109375 
0.26300048828125 
0.47531127929688 
0.16317749023438 
0.51605224609375 
0.54074096679688 
0.08636474609375 
0.376953125 
0.42181396484375 
0.55172729492188 
0.05267333984375 
0.3140869140625 
0.44595336914062 
0.506103515625 
0.28912353515625 
0.5198974609375 
0.69711303710938 
0.39605712890625 
0.15792846679688 
0.64797973632812 
0.73382568359375 
0.39694213867188 
1.1193542480469 
0.42501831054688 
0.899658203125 
1.1166381835938 
0.65625 
0.78192138671875 
1.0599975585938 
1.1838684082031 
0.85305786132812 
0.76162719726562 
1.0264892578125 
1.095703125 
1.1552734375 
0.77169799804688 
1.0484008789062 
1.2490539550781 
1.0142517089844 
1.1089477539062 
0.88272094726562 
1.0519104003906 
1.1378173828125 
0.731201171875 
1.3189697265625 
1.3900146484375 
0.7000732421875 
1.5247192382812 
0.8924560546875 
1.2623596191406 
1.3532104492188 
1.0972290039062 
0.88494873046875 
1.0419616699219 
1.3193969726562 
1.3848571777344 
0.453125 
1.2259826660156 
1.3912048339844 
1.5186157226562 
0.96060180664062 
0.966552734375 
1.4365234375 
1.4175109863281 
1.2358093261719 
1.5421447753906 
1.1944274902344 
1.5847473144531 
1.9020690917969 
1.8158569335938 
1.3593139648438 
1.6601867675781 
1.9532165527344 
1.86669921875 
1.4249267578125 
1.6497497558594 
1.8416442871094 
1.2848205566406 
1.7237243652344 
1.148681640625 
1.6851806640625 
1.6624145507812 
1.6097412109375 
1.2688293457031 
1.47265625 
1.2915344238281 
1.3497619628906 
1.1888732910156 
1.6878356933594 
0.8470458984375 
1.4919738769531 
1.7527160644531 
1.06982421875 
1.3387756347656 
1.2606811523438 
1.4556884765625 
0.96865844726562 
0.74301147460938 
0.87469482421875 
0.34698486328125 
0.007843017578125 
0.279296875 
0.19387817382812 
0.49478149414062 
1.3949890136719 
1.3410949707031 
1.3628540039062 
1.8516845703125 
2.4001159667969 
1.8039245605469 
2.5195922851562 
2.7527160644531 
2.8250732421875 
2.2154541015625 
3.0172119140625 
2.9732666015625 
2.840576171875 
2.8302612304688 
2.6109924316406 
2.8506469726562 
2.8299865722656 
2.9779663085938 
2.9861755371094 
3.0675048828125 
2.6518249511719 
2.65869140625 
2.2154235839844 
2.3073120117188 
2.9612731933594 
2.4512023925781 
2.0507507324219 
2.4745178222656 
3.5561218261719 
2.1808166503906 
2.6899108886719 
2.6934509277344 
2.56787109375 
2.5456848144531 
2.6312255859375 
1.6332702636719 
2.0292053222656 
2.001708984375 
1.38330078125 
1.6192626953125 
1.9066772460938 
1.3076171875 
1.5189819335938 
1.93017578125 
1.2400817871094 
1.4009399414062 
0.91806030273438 
0.760498046875 
0.76504516601562 
0.73062133789062 
0.7987060546875 
0.95932006835938 
0.86346435546875 
0.13388061523438 
0.39407348632812 
0.1668701171875 
0.1962890625 
0.12579345703125 
0.52175903320312 
0.3980712890625 
0.044586181640625 
0.05389404296875 
0.37432861328125 
0.07135009765625 
0.042449951171875 
0.12655639648438 
0.720703125 
1.2248229980469 
0.16744995117188 
0.14596557617188 
0.5001220703125 
0.3887939453125 
0.12704467773438 
0.21871948242188 
0.87680053710938 
0.41717529296875 
0.44509887695312 
0.22845458984375 
0.47329711914062 
0.13583374023438 
0.1871337890625 
0.24215698242188 
0.19235229492188 
0.71920776367188 
0.22772216796875 
0.065704345703125 
0.18609619140625 
0.071868896484375 
0.16323852539062 
0.36245727539062 
0.62289428710938 
0.15066528320312 
0.09332275390625 
0.84393310546875 
0.15902709960938 
0.32278442382812 
0.54925537109375 
0.240966796875 
0.43777465820312 
0.69854736328125 
0.76544189453125 
0.91299438476562 
0.4444580078125 
0.6781005859375 
0.62667846679688 
1.0652160644531 
0.78326416015625 
1.2429809570312 
0.76141357421875 
0.84417724609375 
0.96139526367188 
1.0989685058594 
1.2942504882812 
1.0681457519531 
1.0703430175781 
1.5427551269531 
1.2167663574219 
0.71902465820312 
1.8663940429688 
0.94561767578125 
1.0317993164062 
0.64117431640625 
1.5824279785156 
0.87908935546875 
0.82510375976562 
1.07080078125 
0.68106079101562 
0.97164916992188 
1.4023742675781 
0.71859741210938 
0.63058471679688 
0.43881225585938 
0.68655395507812 
0.83905029296875 
1.1512451171875 
0.3529052734375 
0.8734130859375 
0.9246826171875 
0.28512573242188 
0.91763305664062 
0.73590087890625 
0.14016723632812 
0.95169067382812 
0.74130249023438 
0.40286254882812 
0.83554077148438 
1.0807189941406 
0.78909301757812 
0.73843383789062 
0.78842163085938 
0.89614868164062 
0.86355590820312 
1.3450622558594 
1.0011596679688 
0.9581298828125 
0.91128540039062 
0.74679565429688 
1.3185119628906 
1.1074523925781 
0.8314208984375 
1.4302978515625 
1.4294738769531 
1.0001525878906 
1.3265991210938 
1.3914489746094 
1.4109191894531 
1.5171203613281 
1.6447448730469 
1.1119079589844 
1.0283203125 
1.0657043457031 
1.5442504882812 
1.5372924804688 
1.3016967773438 
1.341796875 
1.1654052734375 
1.2695007324219 
1.6627807617188 
1.5316467285156 
1.4716186523438 
1.7230529785156 
1.1804809570312 
1.77880859375 
1.4374389648438 
1.0879821777344 
1.8897399902344 
0.92636108398438 
1.5900268554688 
1.3956604003906 
1.105224609375 
1.2699279785156 
1.0979614257812 
0.92562866210938 
0.82180786132812 
0.8558349609375 
0.79861450195312 
0.69741821289062 
0.1025390625 
0.24148559570312 
0.22909545898438 
0.02691650390625 
0.02362060546875 
0.49334716796875 
0.87103271484375 
1.1149597167969 
0.6650390625 
1.3835754394531 
1.0259094238281 
1.2475891113281 
1.5505981445312 
1.1820983886719 
1.8846130371094 
1.3772888183594 
1.8048400878906 
1.73193359375 
1.8469848632812 
1.6866455078125 
1.6068420410156 
1.7496337890625 
1.6421813964844 
2.0023498535156 
1.6486206054688 
1.4428405761719 
1.3736572265625 
2.0157165527344 
2.0899353027344 
1.5162048339844 
1.9641723632812 
1.7893676757812 
1.4890747070312 
1.9034118652344 
1.7971801757812 
1.6025390625 
1.8590087890625 
1.8984680175781 
1.3190307617188 
1.8181762695312 
1.5839233398438 
0.88076782226562 
1.9006958007812 
1.374267578125 
1.3703002929688 
1.1393432617188 
0.90338134765625 
1.0501708984375 
1.3813781738281 
0.79812622070312 
1.3938903808594 
0.86444091796875 
1.3602905273438 
1.0844421386719 
1.1393737792969 
1.2728271484375 
1.3333740234375 
0.55886840820312 
1.0954284667969 
1.1257019042969 
0.99725341796875 
0.8597412109375 
1.0682983398438 
0.66925048828125 
0.7781982421875 
1.3467102050781 
0.14419555664062 
1.0158081054688 
0.56900024414062 
0.74032592773438 
0.69305419921875 
0.61251831054688 
0.6175537109375 
0.66177368164062 
0.49554443359375 
0.20343017578125 
0.5985107421875 
0.23843383789062 
0.85955810546875 
0.51400756835938 
0.210693359375 
0.7620849609375 
0.05072021484375 
0.17694091796875 
0.50601196289062 
0.16348266601562 
0.07196044921875 
0.18936157226562 
0.18759155273438 
0.631591796875 
0.2835693359375 
0.30075073242188 
0.28076171875 
0.30389404296875 
0.2379150390625 
0.1864013671875 
0.049957275390625 
0.06494140625 
0.32672119140625 
0.10626220703125 
0.0145263671875 
0.024261474609375 
0.33444213867188 
0.15164184570312 
0.1666259765625 
0.0618896484375 
0.13821411132812 
0.23977661132812 
0.336181640625 
0.50042724609375 
0.15277099609375 
0.29507446289062 
0.57522583007812 
0.60086059570312 
0.09478759765625 
0.6495361328125 
0.3192138671875 
0.33721923828125 
0.045623779296875 
0.50552368164062 
0.25152587890625 
0.63949584960938 
0.080108642578125 
0.096954345703125 
0.37014770507812 
0.10028076171875 
0.44509887695312 
0.21307373046875 
0.56219482421875 
0.7354736328125 
0.19708251953125 
0.25860595703125 
0.13037109375 
0.0555419921875 
0.020599365234375 
0.49407958984375 
0.490966796875 
0.0672607421875 
0.1334228515625 
0.08551025390625 
0.183349609375 
0.34161376953125 
0.51150512695312 
0.11672973632812 
0.068359375 
0.23095703125 
0.0028076171875 
0.50027465820312 
0.24533081054688 
0.007598876953125 
0.55032348632812 
0.1348876953125 
0.814697265625 
0.32699584960938 
0.24441528320312 
0.63287353515625 
0.48587036132812 
1.0140075683594 
0.66964721679688 
0.89462280273438 
1.3734436035156 
0.39898681640625 
0.51675415039062 
1.7290954589844 
0.91653442382812 
0.7254638671875 
1.3168029785156 
1.0092163085938 
1.4352111816406 
1.4464111328125 
0.972900390625 
1.2096862792969 
1.4754943847656 
1.2099914550781 
1.0089111328125 
0.85751342773438 
1.4369812011719 
1.4468078613281 
0.82586669921875 
0.96734619140625 
1.0050354003906 
1.0528564453125 
1.1695556640625 
0.42019653320312 
0.32949829101562 
0.83721923828125 
0.5841064453125 
0.469482421875 
0.65606689453125 
0.39956665039062 
0.5946044921875 
0.330810546875 
0.27291870117188 
0.41085815429688 
0.26470947265625 
0.22100830078125 
0.5517578125 
0.41152954101562 
0.20074462890625 
0.34829711914062 
0.24703979492188 
0.12579345703125 
0.530029296875 
0.20480346679688 
0.077850341796875 
0.32870483398438 
0.33450317382812 
0.51144409179688 
0.39056396484375 
0.3216552734375 
0.19326782226562 
0.82003784179688 
0.36151123046875 
0.053741455078125 
0.32156372070312 
0.08697509765625 
0.39035034179688 
0.38421630859375 
0.51535034179688 
0.25067138671875 
0.47802734375 
0.38192749023438 
0.45321655273438 
0.7344970703125 
0.25997924804688 
0.53680419921875 
0.5548095703125 
0.6358642578125 
0.52633666992188 
0.5108642578125 
0.58346557617188 
0.27691650390625 
0.33963012695312 
0.4090576171875 
0.24996948242188 
0.55615234375 
0.52203369140625 
0.098480224609375 
0.583251953125 
0.55349731445312 
0.19454956054688 
0.71041870117188 
0.6993408203125 
0.27005004882812 
0.22299194335938 
0.5748291015625 
0.3135986328125 
0.40475463867188 
0.52249145507812 
0.47976684570312 
0.20401000976562 
0.28506469726562 
0.39511108398438 
0.06597900390625 
0.16268920898438 
0.379150390625 
0.34555053710938 
0.331298828125 
0.23928833007812 
0.37899780273438 
0.086212158203125 
0.055908203125 
0.46762084960938 
0.072021484375 
0.002716064453125 
0.0599365234375 
0.11691284179688 
0.32034301757812 
0.45458984375 
0.15765380859375 
0.15823364257812 
0.059814453125 
0.000946044921875 
0.5625 
0.029449462890625 
0.043914794921875 
0.02850341796875 
0.5115966796875 
0.1497802734375 
0.18133544921875 
0.13311767578125 
0.24758911132812 
0.21002197265625 
0.59585571289062 
0.26516723632812 
0.19976806640625 
0.40615844726562 
0.34042358398438 
0.4278564453125 
0.16458129882812 
0.092987060546875 
0.29776000976562 
0.57843017578125 
0.71456909179688 
0.037841796875 
0.27215576171875 
0.21115112304688 
0.40399169921875 
0.52883911132812 
0.39279174804688 
0.1258544921875 
0.3240966796875 
0.5865478515625 
0.11581420898438 
0.3441162109375 
0.060028076171875 
0.35415649414062 
0.43402099609375 
0.25982666015625 
0.43310546875 
0.42477416992188 
0.17367553710938 
0.41012573242188 
0.17816162109375 
0.74215698242188 
0.002197265625 
0.32513427734375 
0.13253784179688 
0.45245361328125 
0.34811401367188 
0.36334228515625 
0.39303588867188 
0.11309814453125 
0.298828125 
0.60693359375 
0.26104736328125 
0.43508911132812 
0.26226806640625 
0.66415405273438 
0.690185546875 
0.23727416992188 
0.38168334960938 
0.065704345703125 
0.50103759765625 
0.59146118164062 
0.0443115234375 
0.39349365234375 
0.025115966796875 
0.49093627929688 
0.23001098632812 
0.350830078125 
0.17852783203125 
0.022125244140625 
0.29217529296875 
0.22915649414062 
0.52655029296875 
0.1553955078125 
0.49041748046875 
0.06585693359375 
0.55386352539062 
0.50698852539062 
0.64846801757812 
0.39187622070312 
0.7896728515625 
0.704345703125 
1.1861267089844 
0.70437622070312 
1.0098266601562 
1.4515686035156 
1.3151245117188 
1.3765563964844 
1.3644104003906 
1.7846374511719 
1.3423767089844 
1.8279724121094 
1.3003540039062 
1.7664489746094 
1.89697265625 
1.8341369628906 
2.0369567871094 
1.952880859375 
1.1385803222656 
1.9795837402344 
1.3431701660156 
1.5320434570312 
1.4585266113281 
1.7339477539062 
1.1903381347656 
1.8373413085938 
1.8428344726562 
1.1259460449219 
1.0774536132812 
1.2606506347656 
1.0165710449219 
0.70352172851562 
0.6165771484375 
0.93203735351562 
0.79278564453125 
0.3804931640625 
0.57882690429688 
0.5916748046875 
0.359375 
0.251953125 
0.10458374023438 
0.14056396484375 
0.3602294921875 
0.35629272460938 
0.7314453125 
0.26907348632812 
0.014068603515625 
0.524658203125 
0.56552124023438 
0.4132080078125 
0.71286010742188 
0.9757080078125 
0.8690185546875 
0.65255737304688 
0.96530151367188 
0.96243286132812 
0.8270263671875 
1.5099792480469 
0.99905395507812 
1.112060546875 
1.1301574707031 
1.1961364746094 
1.1836853027344 
1.2950134277344 
1.4675903320312 
1.2434692382812 
1.5719909667969 
1.5770568847656 
1.6660461425781 
1.4697265625 
1.5455627441406 
1.4154968261719 
1.6865844726562 
1.1746826171875 
1.70849609375 
1.5989379882812 
1.5206604003906 
1.56005859375 
1.3385009765625 
2.1935424804688 
1.4473266601562 
1.3071899414062 
1.7402648925781 
1.1837463378906 
1.4639282226562 
1.36181640625 
1.2530822753906 
1.6473693847656 
1.2759704589844 
1.5186462402344 
1.4661865234375 
1.241455078125 
1.4771728515625 
1.5949096679688 
1.1991271972656 
1.330810546875 
1.1602478027344 
1.1334533691406 
1.386962890625 
1.4474182128906 
1.4114074707031 
1.385498046875 
1.43310546875 
1.8937072753906 
1.67822265625 
1.2386779785156 
1.1873779296875 
1.7347412109375 
1.5606994628906 
1.04443359375 
0.96768188476562 
1.314208984375 
1.0227355957031 
0.6051025390625 
0.58706665039062 
0.06646728515625 
0.2071533203125 
0.39569091796875 
1.0489196777344 
0.96810913085938 
0.98464965820312 
1.2427368164062 
1.7683410644531 
2.1791076660156 
2.5628051757812 
2.5547790527344 
3.2621154785156 
3.3773803710938 
3.6985168457031 
3.8836975097656 
3.406982421875 
3.8584594726562 
3.5242919921875 
4.0740356445312 
4.1065063476562 
4.0237426757812 
4.1138916015625 
4.3534851074219 
4.173583984375 
3.9361877441406 
4.1519165039062 
3.8339538574219 
3.5773010253906 
3.5368041992188 
3.4453735351562 
3.7610473632812 
3.7830505371094 
3.5186157226562 
3.3935852050781 
3.1535339355469 
2.8885192871094 
2.6133422851562 
2.0702209472656 
2.5052185058594 
2.3660278320312 
2.6440734863281 
2.242919921875 
2.0902404785156 
2.1594543457031 
2.050537109375 
1.6343383789062 
1.3804626464844 
1.2338256835938 
1.009033203125 
1.155029296875 
1.0090637207031 
0.62625122070312 
0.92770385742188 
0.43002319335938 
0.50189208984375 
0.059661865234375 
0.17965698242188 
0.60494995117188 
0.28094482421875 
0.93466186523438 
0.36752319335938 
0.27096557617188 
1.0029907226562 
0.70407104492188 
0.56259155273438 
1.0951843261719 
1.1605529785156 
1.4659729003906 
0.86541748046875 
1.5189514160156 
1.4732666015625 
1.6669921875 
1.1719665527344 
1.3044738769531 
1.6551513671875 
1.83349609375 
1.6226501464844 
1.5315551757812 
1.7318115234375 
1.9097290039062 
2.1784362792969 
2.1708374023438 
2.3140563964844 
2.6825561523438 
2.5606384277344 
2.6649169921875 
2.3355102539062 
2.6727294921875 
2.961181640625 
2.7127380371094 
2.880126953125 
2.6167297363281 
3.2481994628906 
2.6753845214844 
3.1763610839844 
3.4287414550781 
3.0310974121094 
3.2466430664062 
3.2568359375 
3.1831970214844 
3.7281188964844 
3.1928100585938 
3.6642761230469 
3.6664428710938 
3.6617126464844 
3.2629089355469 
3.5957336425781 
3.5547485351562 
3.6762084960938 
3.8115844726562 
3.9534912109375 
3.4515686035156 
4.1337280273438 
3.5941162109375 
3.2961120605469 
3.4007873535156 
3.1912536621094 
3.2810363769531 
3.3187561035156 
3.4633178710938 
3.2088012695312 
3.8781127929688 
2.9113159179688 
3.7406616210938 
2.7912292480469 
2.8405456542969 
3.047607421875 
2.9446411132812 
2.5726928710938 
3.2431945800781 
2.8302001953125 
3.0567321777344 
2.569091796875 
2.486572265625 
2.1483764648438 
2.7965698242188 
1.9735107421875 
2.9945678710938 
2.6956787109375 
2.5040893554688 
2.8510437011719 
1.8285522460938 
2.238037109375 
2.0758972167969 
2.5691528320312 
1.8775634765625 
1.8303833007812 
1.9510803222656 
2.611572265625 
2.1299743652344 
1.9999084472656 
1.5719909667969 
1.5448303222656 
1.4713439941406 
1.7320251464844 
1.7845153808594 
1.4546813964844 
1.6506042480469 
1.0606842041016 
1.1981658935547 
1.1870269775391 
1.0445251464844 
0.78701782226562 
0.42138671875 
1.0419311523438 
1.1810150146484 
0.28303527832031 
0.31625366210938 
0.47029113769531 
0.063995361328125 
0.40545654296875 
0.37017822265625 
0.34153747558594 
0.15284729003906 
0.21107482910156 
0.34552001953125 
0.34259033203125 
1.0378265380859 
0.64738464355469 
0.96282958984375 
0.93025207519531 
1.4208984375 
1.240966796875 
1.5219421386719 
1.6336669921875 
1.0965576171875 
1.2461547851562 
2.0892333984375 
2.1121520996094 
1.3183898925781 
1.6851196289062 
1.7113952636719 
1.8133544921875 
2.4653625488281 
2.1144104003906 
2.1427917480469 
1.7276000976562 
2.5313110351562 
2.3544006347656 
2.2161560058594 
2.2079467773438 
2.6123046875 
2.4722900390625 
2.4333190917969 
2.1635437011719 
2.396240234375 
2.0660400390625 
1.7016296386719 
2.4874572753906 
1.7021484375 
1.9286499023438 
1.546142578125 
2.0687255859375 
1.1663208007812 
1.5457763671875 
1.6211853027344 
1.5742797851562 
1.2137145996094 
1.1253967285156 
1.7564392089844 
1.1779174804688 
1.5862426757812 
1.3111877441406 
1.3808288574219 
1.1692199707031 
1.5308532714844 
1.33056640625 
0.99258422851562 
1.4227600097656 
1.7395935058594 
0.9971923828125 
1.3929443359375 
1.3302001953125 
1.8820495605469 
1.7903747558594 
1.6264038085938 
1.8650207519531 
2.0859680175781 
2.1283264160156 
2.009765625 
2.1046142578125 
1.7361755371094 
2.1965026855469 
1.6605529785156 
1.761962890625 
1.7769775390625 
1.2308654785156 
1.4974975585938 
0.7598876953125 
0.93722534179688 
1.3369750976562 
0.80508422851562 
1.1480102539062 
0.94497680664062 
0.52166748046875 
1.164794921875 
0.85684204101562 
0.60675048828125 
0.5107421875 
1.112548828125 
0.57260131835938 
0.629638671875 
0.184326171875 
0.43814086914062 
0.36907958984375 
0.62957763671875 
0.1390380859375 
0.45635986328125 
0.34429931640625 
0.5941162109375 
0.63003540039062 
0.63803100585938 
0.023681640625 
0.413330078125 
0.5614013671875 
0.616943359375 
0.58319091796875 
0.3662109375 
0.982177734375 
0.12628173828125 
0.3199462890625 
0.63336181640625 
0.57614135742188 
0.34951782226562 
0.22525024414062 
0.15985107421875 
0.53277587890625 
0.053955078125 
0.47088623046875 
0.13442993164062 
0.19857788085938 
0.10394287109375 
0.29953002929688 
0.16705322265625 
0.0987548828125 
0.19174194335938 
0.036163330078125 
0.80160522460938 
0.29074096679688 
0.316162109375 
0.6456298828125 
0.62265014648438 
0.70916748046875 
0.85791015625 
0.56021118164062 
0.8912353515625 
1.0790405273438 
1.0082092285156 
0.7215576171875 
0.97711181640625 
0.60293579101562 
1.2450256347656 
1.2529907226562 
0.63931274414062 
0.92007446289062 
1.2507019042969 
1.3007507324219 
1.1253662109375 
1.1900329589844 
1.4384155273438 
1.0926818847656 
1.2984924316406 
1.3943176269531 
1.1762390136719 
1.4333801269531 
1.1391296386719 
1.6308288574219 
1.4815063476562 
1.1312255859375 
1.5649108886719 
1.8973083496094 
2.1217041015625 
2.2804260253906 
2.4196166992188 
2.4806823730469 
2.1075439453125 
2.4497985839844 
2.5009460449219 
2.3114929199219 
2.3280639648438 
2.1548767089844 
2.6601257324219 
2.6859436035156 
2.4625244140625 
2.2009887695312 
2.3002319335938 
2.2918090820312 
2.0250549316406 
2.5410766601562 
2.3869018554688 
2.5205993652344 
2.2524719238281 
2.34228515625 
2.5199890136719 
2.7594604492188 
2.3663635253906 
2.5499572753906 
2.7618408203125 
2.1482238769531 
2.7774658203125 
2.6143188476562 
2.3969421386719 
2.6579284667969 
2.6720886230469 
2.4103088378906 
2.2603149414062 
2.1432189941406 
2.1312561035156 
1.862060546875 
1.7749633789062 
1.536376953125 
1.3591613769531 
1.2555541992188 
0.81805419921875 
0.90753173828125 
0.64512634277344 
0.47575378417969 
0.35536193847656 
0.15553283691406 
0.0589599609375 
0.07672119140625 
0.338134765625 
0.51353454589844 
