0 
0 
0 
0 
0 
0 
0 
0 
0 
0 
0 
0 
0 
0 
0 
0 
0 
0 
0 
0 
0 
0 
0 
0 
0 
0 
0 
0 
0 
0 
0 
0 
0 
0 
0 
0 
0 
0 
0 
0 
0 
0 
0 
0 
0 
0 
0 
0 
0 
0 
0 
0 
0 
0 
0 
0 
0 
0 
0 
0 
0 
0 
0 
0 
0 
0 
0 
0 
0 
0 
0 
0 
0 
0 
0 
0 
0 
0 
0 
0 
0 
0 
0 
0 
0 
0 
0 
0 
0 
0 
0 
0 
0 
0 
0 
0 
0 
0 
0 
0 
0 
0 
0 
0 
0 
0 
0 
0 
0 
0 
0 
0 
0 
0 
0 
0 
0 
0 
0 
0 
0 
0 
0 
0 
0 
0 
0 
0 
0 
0 
0 
0 
0 
0 
0 
0 
0 
0 
0 
0 
0 
0 
0 
0 
0 
0 
0 
0 
0 
0 
0 
0 
0 
0 
0 
0 
0 
0 
0 
0 
0 
0 
0 
0 
0 
0 
0 
0 
0 
0 
0 
0 
0 
0 
0 
0 
0 
0 
0 
0 
0 
0 
0 
0 
0 
0 
0 
0 
0 
0 
0 
0 
0 
0 
0 
0 
0 
0 
0 
0 
0 
0 
0 
0 
0 
0 
0 
0 
0 
0 
0 
0 
0 
0 
0 
0 
0 
0 
0 
0 
0 
0 
0 
0 
0 
0 
0 
0 
0 
0 
0 
0 
0 
0 
0 
0 
0 
0 
0 
0 
1091.2111816406 
12.080810546875 
11.756958007812 
12.960205078125 
12.176391601562 
12.52392578125 
11.238586425781 
11.588134765625 
11.245727539062 
10.515991210938 
11.637145996094 
12.875549316406 
12.923645019531 
13.253295898438 
12.489624023438 
12.931701660156 
11.865966796875 
13.065246582031 
12.989807128906 
10.62451171875 
11.143127441406 
8.9535522460938 
7.331298828125 
10.577941894531 
13.599304199219 
10.511535644531 
12.29248046875 
12.441467285156 
11.348571777344 
11.390625 
10.622497558594 
10.714050292969 
9.8526611328125 
10.135375976562 
10.224426269531 
10.261901855469 
10.575561523438 
9.82763671875 
9.8668823242188 
10.442016601562 
10.545166015625 
11.862731933594 
12.133056640625 
12.127380371094 
12.531555175781 
12.599426269531 
12.182861328125 
12.588623046875 
12.951171875 
12.930603027344 
13.224548339844 
12.949096679688 
13.074584960938 
12.210021972656 
10.618804931641 
10.242645263672 
9.4488830566406 
9.0320739746094 
8.1710510253906 
9.0791320800781 
8.1331176757812 
8.4543762207031 
7.170166015625 
6.9186096191406 
6.8838806152344 
6.9172973632812 
6.3958129882812 
5.8627319335938 
6.424072265625 
6.988525390625 
5.9494018554688 
5.5055541992188 
4.5985717773438 
4.9950256347656 
4.0621337890625 
4.0155334472656 
2.2063903808594 
2.1117858886719 
1.4701232910156 
1.2722473144531 
1.5083312988281 
1.3078918457031 
0.34585571289062 
0.547607421875 
0.15640258789062 
0.40054321289062 
1.1959838867188 
0.88992309570312 
0.45748901367188 
0.22238159179688 
0.84292602539062 
1.7556457519531 
1.4522705078125 
2.6936645507812 
3.0601501464844 
3.9808959960938 
3.983154296875 
4.7906494140625 
4.5513305664062 
4.9890441894531 
4.7634887695312 
4.4209899902344 
4.0616149902344 
4.3828125 
4.126708984375 
5.2023315429688 
6.5959777832031 
6.3910217285156 
6.1724090576172 
5.749267578125 
6.2538604736328 
5.1498565673828 
5.3966674804688 
5.0902404785156 
4.5330047607422 
4.257080078125 
3.5193176269531 
3.3050231933594 
2.9859008789062 
2.3413696289062 
1.7821350097656 
1.9180908203125 
1.9540557861328 
1.3774871826172 
1.2098999023438 
1.0828094482422 
0.80854797363281 
0.12248229980469 
0.81640625 
1.3841094970703 
1.6168975830078 
1.6970825195312 
1.7927703857422 
1.9462127685547 
1.8415832519531 
1.2475128173828 
1.5772399902344 
1.2318115234375 
0.45829772949219 
1.0301666259766 
1.0243988037109 
1.1696319580078 
0.72666931152344 
0.30986022949219 
0.37322998046875 
0.38040161132812 
1.046630859375 
1.0018005371094 
0.79165649414062 
0.33216857910156 
0.35212707519531 
0.443115234375 
1.5234985351562 
3.0315399169922 
6.1329498291016 
5.2860717773438 
6.7688293457031 
6.8952026367188 
7.2587280273438 
6.3907165527344 
6.9622497558594 
6.4237823486328 
6.1118011474609 
6.3241729736328 
5.7872619628906 
5.5004119873047 
5.2117309570312 
5.8893432617188 
6.6184997558594 
6.6632080078125 
6.8290100097656 
6.2597351074219 
7.3157653808594 
7.0853881835938 
7.3887939453125 
6.8865966796875 
6.7835083007812 
5.09619140625 
5.009765625 
3.3611450195312 
2.071533203125 
0.67312622070312 
0.025299072265625 
1.848388671875 
2.1923522949219 
2.2213439941406 
3.5354614257812 
4.8314514160156 
6.0951538085938 
7.1056518554688 
7.8437194824219 
8.2813720703125 
8.9773559570312 
10.035430908203 
11.216156005859 
11.697662353516 
14.024627685547 
13.930648803711 
15.724792480469 
15.349304199219 
16.355041503906 
17.887603759766 
18.483901977539 
19.595077514648 
20.228988647461 
20.537590026855 
20.185699462891 
20.071632385254 
18.514709472656 
18.049171447754 
16.138331055641 
14.313598036766 
15.895122528076 
13.728525161743 
13.348335266113 
11.80867767334 
10.435813903809 
8.0692596435547 
6.2251358032227 
6.0268402099609 
5.5128860473633 
5.8303070068359 
4.1002960205078 
3.3239974975586 
2.5584106445312 
1.5192413330078 
0.93099975585938 
1.5288238525391 
0.29244995117188 
1.9025192260742 
1.5970764160156 
0.91322326660156 
2.416618347168 
1.4842147827148 
4.0787506103516 
2.9041748046875 
3.2964630126953 
3.0948791503906 
2.9976501464844 
3.4785385131836 
3.7142333984375 
4.2183532714844 
2.9895782470703 
5.1259307861328 
5.3932876586914 
4.8833770751953 
5.4823532104492 
4.1700286865234 
6.1074256896973 
6.023567199707 
7.9464683532715 
5.740795135498 
7.3601188659668 
7.1217651367188 
7.6354713439941 
7.4016327857971 
8.5323991775513 
7.1457343101501 
8.9292020797729 
7.8820552825928 
9.66823387146 
7.8064193725586 
8.3053970336914 
8.8035469055176 
9.2316436767578 
10.66756439209 
10.022552490234 
7.9906158447266 
10.500869750977 
10.655067443848 
9.9508895874023 
10.108474731445 
8.2889404296875 
11.181549072266 
10.569854736328 
9.6941528320312 
9.2047424316406 
8.5525817871094 
7.9763946533203 
6.9862518310547 
7.1465759277344 
6.5111083984375 
6.9054565429688 
6.1061859130859 
5.2474060058594 
5.3611907958984 
5.2813720703125 
4.39453125 
3.8692016601562 
3.3876037597656 
3.2046203613281 
1.754638671875 
1.9683227539062 
1.2264709472656 
0.56781005859375 
1.1181640625 
1.0350952148438 
1.6359558105469 
2.2479553222656 
2.6922912597656 
2.9953002929688 
3.7219543457031 
5.0388793945312 
5.3258514404297 
6.2154083251953 
6.8854827880859 
7.0014190673828 
8.1574096679688 
8.3353576660156 
9.3362579345703 
9.7264556884766 
10.600708007812 
12.116516113281 
13.317916870117 
14.030029296875 
13.525604248047 
14.886985778809 
15.211273193359 
16.509902954102 
17.153076171875 
16.752330780029 
18.554203033447 
15.787595748901 
14.154611110687 
14.566133022308 
13.245360374451 
11.875286102295 
11.998092651367 
11.517448425293 
10.513683319092 
8.9869842529297 
7.5611953735352 
6.7400207519531 
5.3584518432617 
4.6887283325195 
3.3161087036133 
2.9201202392578 
2.1293792724609 
1.4086380004883 
1.2635116577148 
0.59439086914062 
0.039474487304688 
0.027854919433594 
1.0360336303711 
0.98394775390625 
1.5635070800781 
2.297004699707 
2.7182006835938 
3.6847381591797 
4.5002822875977 
4.1000671386719 
5.6364822387695 
6.3936004638672 
5.6202011108398 
5.7254867553711 
6.2155914306641 
7.4549026489258 
7.6899948120117 
7.8165283203125 
7.7454109191895 
9.0382194519043 
8.8361053466797 
9.2180256843567 
10.345513343811 
8.3474774360657 
9.9624671936035 
10.640859603882 
10.268272399902 
10.303527832031 
9.4961929321289 
9.7035369873047 
10.06909942627 
9.9514923095703 
10.515975952148 
9.6311111450195 
9.1109085083008 
9.2509918212891 
8.6909484863281 
8.28369140625 
8.2510070800781 
7.0907592773438 
7.020263671875 
7.7328491210938 
7.0740051269531 
6.9437561035156 
5.6594848632812 
5.5021820068359 
4.9259338378906 
4.9999237060547 
4.5734710693359 
4.3054656982422 
4.3358001708984 
3.7575378417969 
3.3669281005859 
2.1237030029297 
1.29833984375 
1.5165557861328 
0.79293823242188 
0.29983520507812 
0.94686889648438 
2.1478424072266 
2.6909332275391 
3.7301635742188 
4.4084930419922 
5.8338623046875 
6.3545684814453 
6.9197387695312 
8.3262939453125 
8.7056274414062 
9.2844543457031 
11.021133422852 
11.085113525391 
11.202026367188 
12.470153808594 
14.564384460449 
15.17919921875 
14.931632995605 
14.66690826416 
14.967872619629 
15.167068481445 
15.752195358276 
16.000065803528 
15.808637857437 
15.555420637131 
14.44521522522 
13.43286895752 
12.557285308838 
11.682258605957 
10.061859130859 
8.5384826660156 
7.5247802734375 
5.7327880859375 
4.7551727294922 
4.397087097168 
3.1653671264648 
3.2244720458984 
2.3017654418945 
0.55425262451172 
0.70261383056641 
0.34829711914062 
0.55362701416016 
1.5882720947266 
2.4829940795898 
2.4665374755859 
3.601806640625 
4.4254150390625 
5.0605621337891 
5.5238952636719 
6.0367813110352 
6.552131652832 
6.6034469604492 
6.4960556030273 
7.3163070678711 
6.685604095459 
7.5214195251465 
7.8342361450195 
8.0098533630371 
7.4791564941406 
8.5494232177734 
8.1238574981689 
8.389886111021 
7.7388809025288 
8.7507419586182 
8.2118644714355 
8.1151905059814 
8.6165351867676 
8.0487365722656 
9.1969566345215 
7.2406349182129 
8.2253875732422 
8.2195358276367 
8.2996368408203 
6.8619384765625 
6.3807144165039 
6.730224609375 
6.8539581298828 
7.1066513061523 
6.0149993896484 
5.8686981201172 
5.8613433837891 
6.5527038574219 
5.6300811767578 
5.5561828613281 
5.0982971191406 
4.5667266845703 
3.9340515136719 
4.4650573730469 
8.2167663574219 
3.6870574951172 
2.9088439941406 
2.9011077880859 
2.3364410400391 
2.8756408691406 
1.4615020751953 
1.6844177246094 
1.6210021972656 
0.98033142089844 
0.97370910644531 
0.24020385742188 
1.7906799316406 
2.0994567871094 
1.8665008544922 
3.0344390869141 
4.3885345458984 
3.9252014160156 
4.3444671630859 
5.1204833984375 
5.4223480224609 
7.0930480957031 
7.3590087890625 
6.7228546142578 
9.7970275878906 
8.0171051025391 
9.4121856689453 
9.6663284301758 
9.4362487792969 
11.119781494141 
10.956237792969 
11.031440734863 
12.059936523438 
11.315967559814 
11.275341033936 
12.099225997925 
12.569558143616 
11.796784520149 
10.585308909416 
11.145327568054 
10.562829971313 
10.651323318481 
9.183162689209 
8.8640174865723 
7.5594444274902 
6.7422637939453 
6.0643310546875 
6.7106628417969 
6.6029510498047 
4.1852798461914 
2.8328475952148 
2.4042816162109 
2.2265548706055 
1.1617965698242 
0.53533935546875 
0.49992370605469 
1.2666854858398 
1.5392990112305 
2.2387008666992 
2.8261489868164 
2.7864532470703 
3.4729919433594 
4.2842864990234 
4.8731536865234 
4.699836730957 
4.869255065918 
5.1901550292969 
5.7427024841309 
6.4801063537598 
6.4467239379883 
6.9449157714844 
7.1543998718262 
6.6986980438232 
7.1546840667725 
8.4775457382202 
8.5187458992004 
7.8890404701233 
7.6831502914429 
8.5175256729126 
8.1673641204834 
7.8157768249512 
8.5248184204102 
8.6588363647461 
8.4534339904785 
8.8770217895508 
7.901725769043 
8.1305160522461 
7.9118576049805 
7.8828582763672 
7.6097412109375 
7.2549514770508 
7.4058609008789 
7.3071670532227 
7.0111694335938 
6.5885925292969 
5.9568023681641 
5.6176605224609 
4.5238189697266 
5.0276794433594 
3.2819976806641 
3.2184753417969 
2.6728515625 
1.0770874023438 
0.80384826660156 
0.152099609375 
1.6415252685547 
2.9842987060547 
3.8860626220703 
4.8235321044922 
6.4506530761719 
7.9334716796875 
8.2020721435547 
10.341705322266 
11.856666564941 
12.611831665039 
13.76782989502 
15.202125549316 
15.511138916016 
17.147277832031 
17.364372253418 
16.89070224762 
16.717221736908 
16.591893672943 
16.526023864746 
16.915943145752 
16.063148498535 
14.876617431641 
14.244819641113 
12.872421264648 
11.959922790527 
10.565132141113 
9.3669128417969 
7.9733734130859 
6.8636474609375 
5.1486663818359 
4.4576721191406 
2.8509063720703 
2.0786437988281 
1.6537475585938 
0.17587280273438 
0.45674133300781 
0.80943298339844 
1.6897277832031 
1.6959686279297 
1.7165222167969 
3.1739654541016 
3.8230590820312 
3.6285858154297 
4.8483276367188 
5.3435363769531 
5.1617584228516 
6.8960571289062 
6.4850921630859 
8.0249786376953 
7.923095703125 
8.628288269043 
9.6665573120117 
9.0975341796875 
11.594436645508 
12.109329223633 
11.686985015869 
13.070129394531 
13.25745010376 
13.388988494873 
13.662124961615 
14.027906090021 
14.150560379028 
14.309928894043 
14.486507415771 
14.424980163574 
14.946876525879 
15.05354309082 
15.190353393555 
14.432960510254 
14.322616577148 
14.42839050293 
13.503982543945 
13.68505859375 
13.033645629883 
12.462219238281 
12.379653930664 
11.991714477539 
11.460098266602 
11.468826293945 
11.280242919922 
10.323181152344 
9.6335144042969 
8.7156372070312 
9.0116271972656 
8.0950622558594 
7.738525390625 
8.2867736816406 
6.4718017578125 
6.0958251953125 
6.2218933105469 
4.6652221679688 
4.3191833496094 
3.8272094726562 
2.8922729492188 
2.0748291015625 
1.7637634277344 
1.0299072265625 
0.44454956054688 
0.645751953125 
0.63885498046875 
2.0621337890625 
2.9553833007812 
3.3146362304688 
3.99755859375 
5.0962524414062 
5.6675720214844 
6.0013732910156 
7.8395690917969 
7.8030395507812 
8.6688232421875 
10.081451416016 
10.317443847656 
10.969787597656 
12.175018310547 
12.853668212891 
13.973388671875 
13.991180419922 
15.057998657227 
15.994552612305 
15.93782043457 
16.274963378906 
17.036560058594 
16.879180908203 
17.182998657227 
17.169883728027 
18.393852233887 
17.188697814941 
16.926219940186 
17.161552429199 
15.15571975708 
13.631292819977 
11.51652765274 
10.954491615295 
7.861234664917 
7.7435531616211 
6.2614097595215 
4.8679466247559 
3.2931632995605 
2.4322814941406 
1.9549179077148 
0.96808624267578 
0.64579010009766 
0.82153701782227 
2.0330123901367 
2.1431198120117 
3.3034439086914 
3.8198928833008 
4.9387741088867 
5.6808052062988 
6.6303024291992 
7.4013862609863 
8.1871690750122 
9.5768719911575 
10.101601481438 
10.368507385254 
10.686544418335 
10.8909740448 
10.636810302734 
10.29370880127 
10.183242797852 
10.465255737305 
10.760559082031 
10.317153930664 
9.6469192504883 
10.256004333496 
8.5286483764648 
7.2405090332031 
6.4075317382812 
5.0202789306641 
4.4417266845703 
4.1852111816406 
2.9280395507812 
2.2879180908203 
1.30078125 
0.46075439453125 
0.78465270996094 
0.39242553710938 
0.86700439453125 
1.6382904052734 
1.8350677490234 
2.2351989746094 
1.6277160644531 
2.8619842529297 
3.1985931396484 
2.837890625 
3.8915863037109 
3.2915191650391 
3.7710113525391 
4.2116241455078 
3.9080047607422 
3.7749938964844 
3.4605331420898 
4.0092620849609 
3.696891784668 
2.9971923828125 
2.8665924072266 
3.2169418334961 
2.8218231201172 
1.7736892700195 
1.9945907592773 
1.6532440185547 
0.86882019042969 
0.78206634521484 
0.81584930419922 
0.49170684814453 
0.29882049560547 
1.0960083007812 
1.6503601074219 
1.9025268554688 
2.3688430786133 
2.78515625 
4.0768203735352 
4.3287734985352 
4.5336685180664 
5.5087203979492 
5.9644775390625 
6.6539154052734 
7.0757598876953 
7.1138610839844 
7.8827819824219 
7.9561462402344 
7.6973876953125 
7.3677825927734 
7.2719116210938 
7.5031280517578 
6.9915313720703 
6.6729583740234 
6.7149047851562 
5.698486328125 
4.9281005859375 
4.8275756835938 
3.2791595458984 
2.6570281982422 
0.71893310546875 
0.39073181152344 
1.7037811279297 
3.8370513916016 
5.2902679443359 
7.1718597412109 
9.0861358642578 
11.68928527832 
12.928924560547 
15.253845214844 
18.084320068359 
20.025955200195 
22.237945556641 
24.742416381836 
26.61837387085 
28.802402496338 
27.953828334808 
28.884684085846 
28.906135559082 
28.407306671143 
26.296394348145 
23.827453613281 
16.646942138672 
13.452651977539 
9.6503295898438 
6.9361877441406 
4.6341857910156 
1.2720794677734 
0.64869689941406 
2.0760345458984 
1.8317108154297 
2.9234771728516 
2.2263946533203 
0.9696044921875 
0.40644836425781 
2.3826293945312 
2.1444702148438 
3.1642608642578 
4.4663391113281 
4.3179321289062 
2.4014739990234 
3.1628265380859 
3.1573791503906 
3.7426452636719 
1.0937957763672 
3.1935272216797 
3.7207336425781 
3.4801330566406 
3.07373046875 
5.3907318115234 
4.7314758300781 
5.1642227172852 
6.2756195068359 
7.3659286499023 
7.7400970458984 
7.7735443115234 
6.2056045532227 
7.6753463745117 
7.4545059204102 
8.7497062683105 
8.0041351318359 
7.6695175170898 
5.8159713745117 
8.2848930358887 
6.5352668762207 
8.0349998474121 
6.8060212135315 
5.8795713186264 
5.6871806383133 
4.249979019165 
6.3813104629517 
4.9239368438721 
5.0401420593262 
4.4315280914307 
3.7825584411621 
3.4371871948242 
2.3005142211914 
3.4250106811523 
2.4262809753418 
0.89164352416992 
1.370174407959 
1.6337471008301 
2.0980644226074 
0.78811645507812 
1.1609573364258 
0.77127838134766 
0.8411750793457 
1.4476318359375 
0.15464782714844 
1.2365112304688 
0.36514282226562 
0.066764831542969 
0.038215637207031 
0.686279296875 
0.53107833862305 
0.74909591674805 
1.1150283813477 
0.46368408203125 
0.044891357421875 
0.11127471923828 
0.3680534362793 
1.776969909668 
0.30442810058594 
0.2863655090332 
2.3870544433594 
1.6638031005859 
0.47151947021484 
2.4833641052246 
0.78170394897461 
0.00030899047851562 
0.79021453857422 
0.49116897583008 
0.53118133544922 
0.5482292175293 
0.40460968017578 
0.25455093383789 
1.5329780578613 
2.9142875671387 
3.9946365356445 
5.0868339538574 
6.5322494506836 
9.2057285308838 
12.027984619141 
14.002521038055 
17.140685558319 
20.142722129822 
22.321949005127 
24.557018280029 
24.418670654297 
25.095306396484 
24.321395874023 
21.011505126953 
13.145812988281 
7.9627532958984 
1.4476470947266 
1.98046875 
4.0945281982422 
5.3776245117188 
6.2109375 
5.4944000244141 
6.2371215820312 
6.3558959960938 
6.5078582763672 
7.0636138916016 
8.3614807128906 
8.4844970703125 
9.8394393920898 
9.3504791259766 
9.6555023193359 
8.8719482421875 
8.2013702392578 
7.7165756225586 
7.0318984985352 
7.3247718811035 
7.6654930114746 
7.921703338623 
7.7848434448242 
7.2972450256348 
6.9835147857666 
6.5562953948975 
6.9872283935547 
5.9922089576721 
5.9381335675716 
6.2138101160526 
5.9405193328857 
5.0347204208374 
5.7866973876953 
5.7589683532715 
5.539722442627 
6.1308746337891 
5.4811477661133 
5.2033157348633 
5.6825523376465 
5.0594100952148 
5.0768852233887 
4.7043075561523 
4.4209365844727 
4.3097763061523 
3.4268112182617 
3.4013900756836 
3.1407470703125 
3.3396606445312 
3.3051986694336 
1.9529647827148 
2.4145736694336 
1.4907531738281 
1.7250289916992 
0.47500610351562 
0.20140838623047 
0.23814392089844 
0.21985626220703 
0.77799987792969 
1.0097045898438 
1.0584945678711 
0.87680053710938 
1.6512756347656 
1.2231521606445 
1.2458953857422 
2.8134002685547 
2.789680480957 
3.1176147460938 
4.5347137451172 
4.4679336547852 
6.8722305297852 
7.9116287231445 
10.45178604126 
13.015979766846 
15.421720504761 
18.948621749878 
20.869198799133 
23.03369808197 
23.76441192627 
23.441467285156 
23.456039428711 
20.473342895508 
16.600738525391 
11.614181518555 
7.2837066650391 
3.8215179443359 
2.5687713623047 
0.53402709960938 
0.20069885253906 
2.1404724121094 
2.960205078125 
2.4712066650391 
3.1220855712891 
4.6902770996094 
4.6194610595703 
5.5239562988281 
6.4889831542969 
6.6695709228516 
6.7500152587891 
7.2458572387695 
6.8952484130859 
7.862663269043 
7.7822036743164 
7.8953475952148 
7.8127517700195 
7.3421020507812 
8.5528526306152 
7.9350395202637 
8.425163269043 
8.4181709289551 
8.3343982696533 
8.1607933044434 
8.3125171661377 
8.1445498466492 
7.6341902017593 
7.2218531370163 
7.6851005554199 
7.2489223480225 
6.9493160247803 
6.9834575653076 
7.2143020629883 
6.4488639831543 
5.9831657409668 
5.3734893798828 
4.9389572143555 
5.1589889526367 
4.6860122680664 
3.791130065918 
3.57421875 
3.6397476196289 
3.213020324707 
2.7190093994141 
2.0173416137695 
1.6351470947266 
1.4288940429688 
0.86257934570312 
0.53859710693359 
0.66982269287109 
0.0020751953125 
0.17581176757812 
0.38536834716797 
0.93506622314453 
1.3762741088867 
1.6059951782227 
2.6265563964844 
2.9789505004883 
3.8557662963867 
5.4385147094727 
6.462760925293 
8.6547775268555 
10.605480194092 
13.653175354004 
15.186992645264 
18.415678024292 
19.682033538818 
20.833152770996 
22.106889724731 
21.454441070557 
19.962738037109 
18.032600402832 
13.155654907227 
8.5232238769531 
5.8048706054688 
3.7587280273438 
1.9944152832031 
0.0845947265625 
1.1177368164062 
2.4695129394531 
2.9103698730469 
4.5784454345703 
5.0494842529297 
6.3117752075195 
6.1612014770508 
6.1154708862305 
7.0659255981445 
7.2606735229492 
7.9552612304688 
8.6273193359375 
8.4614868164062 
8.4176864624023 
8.9607086181641 
8.9254150390625 
9.3132972717285 
9.6995582580566 
9.0595607757568 
9.6682119369507 
8.8696371912956 
9.1094506382942 
9.2212076187134 
8.57692527771 
8.2585144042969 
7.9686317443848 
7.7496490478516 
7.559886932373 
6.8868141174316 
6.3065032958984 
6.2493743896484 
5.8023376464844 
4.0093688964844 
3.9765167236328 
3.810417175293 
2.1493682861328 
2.2987442016602 
1.0869522094727 
0.35743713378906 
0.68035125732422 
1.8544921875 
1.887451171875 
1.9120941162109 
2.0808792114258 
2.7413635253906 
2.5855255126953 
2.5270767211914 
2.7829437255859 
2.6855545043945 
2.1913223266602 
2.609489440918 
2.239128112793 
2.4399795532227 
2.1582260131836 
2.4457473754883 
2.4688034057617 
3.6080894470215 
3.0653266906738 
5.4217109680176 
5.8325576782227 
8.0840377807617 
9.1540374755859 
11.929077148438 
14.94490134716 
16.608612179756 
19.329634666443 
20.456489562988 
21.277454376221 
21.015579223633 
20.120323181152 
16.215873718262 
13.385513305664 
8.1694488525391 
6.0536346435547 
4.5179290771484 
2.6056976318359 
0.4747314453125 
0.52578735351562 
1.7027587890625 
2.4752960205078 
2.7595977783203 
3.0479888916016 
4.4780578613281 
5.1965637207031 
5.9973907470703 
6.7379302978516 
6.2544555664062 
6.2289886474609 
6.1344985961914 
5.9833984375 
6.3860321044922 
6.5932998657227 
6.1158599853516 
7.4864196777344 
7.7747650146484 
7.9831924438477 
8.5547637939453 
8.4511795043945 
8.7477722167969 
8.799015045166 
8.9966354370117 
8.9495391845703 
9.7721328735352 
8.809383392334 
9.0395946502686 
8.8929901123047 
8.4250068664551 
8.1522083282471 
7.4214096069336 
7.6126251220703 
6.7286720275879 
10.423919677734 
3.7378540039062 
2.2352676391602 
1.531364440918 
0.72859954833984 
0.16242218017578 
0.098304748535156 
0.98117828369141 
1.1309127807617 
2.6784896850586 
1.5480117797852 
1.5567779541016 
1.7838134765625 
2.5494689941406 
2.6106986999512 
3.0029067993164 
3.6722068786621 
4.092887878418 
4.6158027648926 
5.3868026733398 
6.3320693969727 
6.5082855224609 
7.937686920166 
8.3113403320312 
9.6573014259338 
10.85863494873 
11.803105831146 
12.696197509766 
13.429332733154 
13.085277557373 
12.73327255249 
12.129440307617 
10.247581481934 
8.3947448730469 
6.782470703125 
5.3282241821289 
4.1632308959961 
2.4007949829102 
1.9809341430664 
0.98619842529297 
0.35458374023438 
0.046363830566406 
0.44211578369141 
0.77443695068359 
1.2277679443359 
1.7502288818359 
2.4152374267578 
2.8877487182617 
3.3659439086914 
3.8160552978516 
3.9893341064453 
4.3832626342773 
4.1363296508789 
4.477180480957 
4.45751953125 
4.0156478881836 
4.745979309082 
4.8048858642578 
5.1703491210938 
5.6533508300781 
5.825813293457 
6.1818771362305 
6.2162818908691 
7.440128326416 
6.6869525909424 
6.7399101257324 
6.9184150695801 
7.2775096893311 
7.8994676470757 
7.9776957631111 
8.0210747718811 
8.213698387146 
8.3334045410156 
16.59522819519 
7.607593536377 
7.4585266113281 
6.8210067749023 
6.4699325561523 
6.3127822875977 
5.6139068603516 
5.2558364868164 
5.0513381958008 
8.1377410888672 
4.3770065307617 
3.3959426879883 
2.4575271606445 
2.5135879516602 
1.4432678222656 
0.85069274902344 
0.4818115234375 
0.051185607910156 
1.0172958374023 
1.4063873291016 
0.86012268066406 
1.2650833129883 
1.4047164916992 
1.0761566162109 
0.82251739501953 
0.81197357177734 
0.25962829589844 
0.42060089111328 
0.57987213134766 
0.19185638427734 
0.17804718017578 
0.36141204833984 
0.15065002441406 
0.4129638671875 
0.29038238525391 
0.32547760009766 
0.13284301757812 
0.20505523681641 
0.037673950195312 
0.96443176269531 
0.77786254882812 
0.71612548828125 
0.61296844482422 
0.76590728759766 
1.0778732299805 
1.5422134399414 
1.4943008422852 
2.3277893066406 
1.6574859619141 
1.000114440918 
0.42049407958984 
0.19793701171875 
0.09521484375 
0.22430419921875 
0.32917785644531 
0.15302276611328 
0.43653869628906 
0.45508575439453 
0.42727661132812 
0.077186584472656 
0.13919067382812 
0.045539855957031 
0.35507202148438 
0.74539184570312 
1.0795059204102 
1.2155609130859 
1.5390548706055 
1.7399063110352 
1.9819183349609 
1.5388641357422 
1.6559524536133 
1.7066345214844 
1.8936386108398 
4.3019638061523 
2.250114440918 
2.4459228515625 
2.9204406738281 
3.0939712524414 
4.0045928955078 
3.5807037353516 
3.1472778320312 
4.0265502929688 
5.5353088378906 
2.6125640869141 
2.9456176757812 
2.4522705078125 
2.3684692382812 
2.5232086181641 
1.9910888671875 
2.0681610107422 
2.1004638671875 
1.3490905761719 
1.1008605957031 
1.0940399169922 
0.21571350097656 
1.0685729980469 
0.036758422851562 
1.0710144042969 
1.9974365234375 
2.4996948242188 
3.1316070556641 
4.2103729248047 
6.0068359375 
5.5934753417969 
7.6035461425781 
9.6139678955078 
10.829246520996 
12.076873779297 
13.468467712402 
14.339996337891 
15.139068603516 
16.146549224854 
16.974662780762 
16.981060028076 
18.226121425629 
17.661671161652 
17.838125228882 
17.737823486328 
17.222957611084 
16.926460266113 
16.006507873535 
14.481239318848 
13.697578430176 
12.770324707031 
10.570831298828 
9.330322265625 
7.7351226806641 
6.3921508789062 
5.4550323486328 
4.2607879638672 
3.4718780517578 
2.1281890869141 
1.813232421875 
0.75027465820312 
0.076751708984375 
0.04376220703125 
0.61878967285156 
1.5757446289062 
1.8686981201172 
2.5704040527344 
2.7467651367188 
3.4430084228516 
4.0677795410156 
4.0514831542969 
5.1280212402344 
5.3140106201172 
5.4603118896484 
6.0372772216797 
6.4560699462891 
6.9517822265625 
6.8293304443359 
6.7619476318359 
8.1984176635742 
7.6461486816406 
8.0508422851562 
8.0310821533203 
8.8510131835938 
9.1789321899414 
8.6402206420898 
9.6245918273926 
9.1633911132812 
9.0943565368652 
9.5172462463379 
10.018136978149 
9.343939781189 
9.1020011901855 
9.980673789978 
9.7048301696777 
9.3204288482666 
9.6043262481689 
9.3779335021973 
9.3933296203613 
9.1055946350098 
8.1556587219238 
9.0048904418945 
7.744499206543 
8.4079818725586 
7.8508071899414 
7.6141586303711 
7.3719024658203 
7.4696197509766 
7.4326629638672 
6.8045959472656 
7.1288604736328 
7.0059509277344 
6.6431121826172 
6.6862487792969 
6.8235778808594 
6.7320404052734 
6.8072814941406 
5.9943084716797 
6.5069427490234 
5.9350738525391 
6.3679809570312 
6.0312042236328 
6.6697387695312 
7.3408813476562 
7.1393585205078 
7.4913940429688 
7.2627563476562 
7.3637237548828 
8.765380859375 
8.0130310058594 
7.8044738769531 
8.337158203125 
8.6224365234375 
8.6868286132812 
9.875732421875 
10.316589355469 
10.159088134766 
9.7579040527344 
8.7983703613281 
8.2037658691406 
7.1148071289062 
5.5414123535156 
4.7540283203125 
4.2130737304688 
3.5753479003906 
2.72998046875 
1.4095153808594 
0.79562377929688 
0.99496459960938 
1.4952087402344 
0.84130859375 
1.2254638671875 
3.4122619628906 
4.1734924316406 
4.6665344238281 
6.0597534179688 
6.40234375 
8.0007934570312 
9.6185302734375 
10.508880615234 
11.966796875 
11.863677978516 
13.156311035156 
17.508178710938 
16.21826171875 
18.601135253906 
18.44157409668 
20.26042175293 
21.513381958008 
22.215744018555 
22.202392578125 
23.137351989746 
23.775421142578 
23.165771484375 
22.648666381836 
21.966049194336 
19.339538574219 
17.657526016235 
16.059764862061 
13.490690231323 
12.305644989014 
10.896484375 
10.377716064453 
8.2355728149414 
8.1371459960938 
6.5437774658203 
4.1534652709961 
3.3222122192383 
2.3135986328125 
1.725830078125 
1.3698959350586 
0.22808837890625 
0.37309265136719 
1.4615631103516 
1.0647735595703 
2.4192123413086 
2.8383636474609 
3.6571197509766 
5.1291427612305 
4.8598709106445 
5.99560546875 
6.8708877563477 
7.0505332946777 
7.8537139892578 
8.134693145752 
9.1842498779297 
8.6957664489746 
9.1926326751709 
8.8025684356689 
8.5483986437321 
9.2928222119808 
10.514171600342 
10.544021606445 
9.4797096252441 
10.357875823975 
10.662303924561 
10.287239074707 
10.929664611816 
11.473930358887 
11.898620605469 
11.740295410156 
12.030303955078 
11.991287231445 
11.512832641602 
11.584686279297 
12.069183349609 
11.188873291016 
10.777038574219 
10.704574584961 
11.643859863281 
10.731384277344 
11.624816894531 
10.404602050781 
10.449493408203 
10.380767822266 
10.827392578125 
9.9341430664062 
10.611572265625 
10.642974853516 
9.9978637695312 
11.060882568359 
10.021820068359 
9.7924499511719 
9.6914367675781 
9.3283996582031 
9.8247375488281 
9.3291015625 
9.2160339355469 
8.4529418945312 
8.2698974609375 
7.6113891601562 
7.4225463867188 
7.7519226074219 
6.7688293457031 
6.7165222167969 
6.8079833984375 
6.3452453613281 
6.6197204589844 
5.853759765625 
5.0303039550781 
5.5906066894531 
5.43994140625 
4.6262512207031 
4.5812683105469 
4.04443359375 
4.6185302734375 
3.5006103515625 
3.6502685546875 
3.0359497070312 
3.2796020507812 
1.783203125 
1.9470825195312 
1.6204833984375 
2.136962890625 
0.75848388671875 
0.7220458984375 
0.8265380859375 
1.6321411132812 
1.5250854492188 
2.7140502929688 
3.5925903320312 
4.0880126953125 
4.8273315429688 
5.7474365234375 
7.1057434082031 
7.631591796875 
8.9910278320312 
8.7931823730469 
10.833587646484 
11.51220703125 
12.213562011719 
13.547637939453 
14.572143554688 
14.016235351562 
15.474548339844 
16.1552734375 
16.980010986328 
17.816619873047 
19.068145751953 
18.903778076172 
18.827850341797 
19.443664550781 
20.149032592773 
20.670181274414 
19.629165649414 
19.913482666016 
20.47216796875 
19.864852905273 
19.412818908691 
19.817611694336 
18.491424560547 
18.112739562988 
16.742385864258 
16.006534576416 
14.699001312256 
14.072567462921 
12.558336734772 
10.860131263733 
9.8826999664307 
9.018949508667 
6.9053382873535 
5.7177619934082 
3.2650718688965 
2.9797019958496 
1.6376533508301 
0.49779891967773 
0.5912971496582 
1.6142082214355 
2.1943092346191 
3.2520751953125 
3.9328994750977 
4.870189666748 
6.2726211547852 
5.9349250793457 
7.7798595428467 
8.1098985671997 
8.8241696357727 
9.5568611621857 
9.5632307529449 
10.323784828186 
11.358598709106 
11.807025909424 
12.723278045654 
12.829692840576 
12.679962158203 
14.088363647461 
13.33869934082 
14.200401306152 
14.602058410645 
14.62370300293 
14.879547119141 
14.967590332031 
14.573257446289 
14.548263549805 
14.870620727539 
14.355529785156 
14.086380004883 
14.292053222656 
13.418212890625 
13.767303466797 
12.933685302734 
12.470367431641 
11.838043212891 
11.744659423828 
10.192321777344 
10.375762939453 
10.293334960938 
9.4413146972656 
8.7361145019531 
8.07958984375 
8.1372375488281 
