0 
0 
0 
0 
0 
0 
0 
0 
0 
0 
0 
0 
0 
0 
0 
0 
0 
0 
0 
0 
0 
0 
0 
0 
0 
0 
0 
0 
0 
0 
0 
0 
0 
0 
0 
0 
0 
0 
0 
0 
0 
0 
0 
0 
0 
0 
0 
0 
0 
0 
0 
0 
0 
0 
0 
0 
0 
0 
0 
0 
0 
0 
0 
0 
0 
0 
0 
0 
0 
0 
0 
0 
0 
0 
0 
0 
0 
0 
0 
0 
0 
0 
0 
0 
0 
0 
0 
0 
0 
0 
0 
0 
0 
0 
0 
0 
0 
0 
0 
0 
0 
0 
0 
0 
0 
0 
0 
0 
0 
0 
0 
0 
0 
0 
0 
0 
0 
0 
0 
0 
0 
0 
0 
0 
0 
0 
0 
0 
0 
0 
0 
0 
0 
0 
0 
0 
0 
0 
0 
0 
0 
0 
0 
0 
0 
0 
0 
0 
0 
0 
0 
0 
0 
0 
0 
0 
0 
0 
0 
0 
0 
0 
0 
0 
0 
0 
0 
0 
0 
0 
0 
0 
0 
0 
0 
0 
0 
0 
0 
0 
0 
0 
0 
0 
0 
0 
0 
0 
0 
0 
0 
0 
0 
0 
0 
0 
0 
0 
0 
0 
0 
0 
0 
0 
0 
0 
0 
0 
0 
0 
0 
0 
0 
0 
0 
0 
0 
0 
0 
0 
0 
0 
0 
0 
0 
0 
0 
0 
0 
0 
0 
0 
0 
0 
0 
0 
0 
0 
0 
0 
1413.8656005859 
1417.4311523438 
1421.0131835938 
1424.1600341797 
1427.0306396484 
1429.9871826172 
1433.3653564453 
1435.4910888672 
1438.1002197266 
1439.6558837891 
1441.5876464844 
1443.6990966797 
1444.2272949219 
1443.8428955078 
1442.3857421875 
1440.5269775391 
1439.1336669922 
1436.3758544922 
1433.8444824219 
1430.1225585938 
1426.515625 
1422.6708984375 
1419.8732910156 
1417.7833251953 
1417.7849121094 
1418.6937255859 
1420.1949462891 
1422.0904541016 
1424.1285400391 
1426.3873291016 
1428.2974853516 
1430.0892333984 
1431.6832275391 
1433.8543701172 
1435.9776611328 
1438.4855957031 
1440.5255126953 
1441.9075927734 
1443.1339111328 
1444.8170166016 
1447.0433349609 
1449.873046875 
1452.2916259766 
1453.2364501953 
1453.5032958984 
1452.6961669922 
1451.2700195312 
1449.6058349609 
1448.6044921875 
1447.4306640625 
1446.4344482422 
1444.2348632812 
1442.1636962891 
1439.6954345703 
1436.8228759766 
1434.3912353516 
1435.1110839844 
1436.95703125 
1440.1579589844 
1444.1239013672 
1448.7818603516 
1453.3441162109 
1456.5639648438 
1461.0654296875 
1465.8598632812 
1470.8033447266 
1476.8935546875 
1484.26171875 
1492.6820068359 
1501.1257324219 
1509.3500976562 
1516.6864013672 
1523.7061767578 
1530.6751708984 
1538.5727539062 
1546.5524902344 
1555.6641845703 
1563.9901123047 
1571.9255371094 
1578.8278808594 
1584.8796386719 
1590.5170898438 
1596.0639648438 
1602.0537109375 
1608.0163574219 
1613.8917236328 
1619.6179199219 
1624.3395996094 
1629.0361328125 
1632.4562988281 
1635.2609863281 
1637.0832519531 
1638.4997558594 
1639.1053466797 
1639.1495361328 
1638.6740722656 
1638.3355712891 
1637.2485351562 
1636.1024169922 
1635.0845947266 
1634.4219970703 
1633.2817382812 
1632.8095703125 
1632.2897949219 
1631.029296875 
1628.7969970703 
1626.8559570312 
1625.1079101562 
1622.4696044922 
1619.7244873047 
1616.5202636719 
1613.5489501953 
1610.9927978516 
1607.7244873047 
1605.3717041016 
1603.5598144531 
1602.5009765625 
1603.1083984375 
1604.4916992188 
1606.9727783203 
1609.2429199219 
1611.0247802734 
1612.509765625 
1614.3913574219 
1616.369140625 
1618.5544433594 
1620.5246582031 
1622.9525146484 
1624.7995605469 
1627.0446777344 
1630.0286865234 
1633.1185302734 
1635.9838867188 
1637.3375244141 
1638.7185058594 
1639.2900390625 
1639.3471679688 
1639.3450927734 
1639.0632324219 
1638.6343994141 
1637.9523925781 
1637.216796875 
1636.7943115234 
1636.7172851562 
1637.1733398438 
1636.9680175781 
1637.0528564453 
1637.5411376953 
1638.5423583984 
1639.8137207031 
1641.6989746094 
1644.0695800781 
1647.1624755859 
1650.3010253906 
1654.1379394531 
1658.1163330078 
1663.0533447266 
1668.2575683594 
1673.5367431641 
1678.7436523438 
1683.9353027344 
1688.9650878906 
1693.8121337891 
1698.0936279297 
1702.5423583984 
1706.5426025391 
1710.4217529297 
1714.0905761719 
1717.4853515625 
1721.1401367188 
1725.0169677734 
1728.4090576172 
1730.8690185547 
1732.4415283203 
1733.8159179688 
1735.0385742188 
1735.9360351562 
1735.7100830078 
1736.0024414062 
1735.8012695312 
1735.7661132812 
1735.7407226562 
1735.8256835938 
1735.5063476562 
1734.7767333984 
1734.1341552734 
1733.2469482422 
1732.5900878906 
1732.5159912109 
1732.3803710938 
1733.4028320312 
1734.1197509766 
1733.9185791016 
1733.1174316406 
1731.4000244141 
1730.7349853516 
1729.8620605469 
1729.1131591797 
1727.9057617188 
1726.5075683594 
1725.0698242188 
1722.0947265625 
1718.3826904297 
1714.3458251953 
1709.7999267578 
1704.7526855469 
1699.8491210938 
1695.3814697266 
1689.9766845703 
1684.4375 
1678.7783203125 
1672.6783447266 
1666.1141357422 
1660.2978515625 
1654.537109375 
1649.6552734375 
1644.9808349609 
1641.2309570312 
1637.4416503906 
1634.3173828125 
1631.5581054688 
1629.3908691406 
1628.0701904297 
1626.4733886719 
1625.0426025391 
1624.4731445312 
1624.6674804688 
1624.0853271484 
1624.3380126953 
1625.9318847656 
1628.2468261719 
1629.4407958984 
1631.9431152344 
1633.9025878906 
1636.0192871094 
1638.4971923828 
1640.169921875 
1642.0935058594 
1643.9595947266 
1645.4483642578 
1647.1964111328 
1648.9979248047 
1650.1744384766 
1652.5428466797 
1654.9029541016 
1657.6108398438 
1660.0811767578 
1662.2755126953 
1664.6490478516 
1667.1052246094 
1669.9716796875 
1672.0045166016 
1674.5163574219 
1677.0787353516 
1679.0435791016 
1681.1102294922 
1682.8342285156 
1683.9001464844 
1685.1040039062 
1686.6405029297 
1687.9934082031 
1688.7774658203 
1689.4345703125 
1690.0057373047 
1690.2232666016 
1690.6169433594 
1690.9145507812 
1690.3032226562 
1689.748046875 
1689.1330566406 
1688.2652587891 
1686.8870849609 
1685.2696533203 
1682.8819580078 
1680.8402099609 
1677.8651123047 
1675.0218505859 
1672.0970458984 
1668.6906738281 
1665.3812255859 
1661.9440917969 
1657.9833984375 
1654.1909179688 
1650.3216552734 
1644.9581298828 
1641.5771484375 
1636.8564453125 
1632.2154541016 
1627.4075927734 
1622.5502929688 
1617.5115966797 
1611.9278564453 
1606.1661376953 
1599.8111572266 
1594.0178222656 
1588.029296875 
1581.6759033203 
1574.2432861328 
1567.4997558594 
1560.7236328125 
1554.2099609375 
1547.0701904297 
1539.9617919922 
1532.3662109375 
1524.7227783203 
1516.6427001953 
1508.4366455078 
1500.2458496094 
1491.6346435547 
1482.7838134766 
1473.419921875 
1464.556640625 
1456.3101806641 
1448.1136474609 
1439.9315185547 
1431.7279052734 
1422.9019775391 
1414.4008789062 
1405.6619873047 
1397.2119140625 
1389.9892578125 
1382.8707275391 
1376.6058349609 
1370.9138183594 
1365.3264160156 
1360.2371826172 
1354.8988037109 
1349.6754150391 
1344.3110351562 
1339.6147460938 
1334.5885009766 
1330.7160644531 
1326.7701416016 
1323.3785400391 
1321.0789794922 
1318.8229980469 
1316.1042480469 
1314.1834716797 
1312.3165283203 
1310.40625 
1308.5441894531 
1307.556640625 
1306.1126708984 
1304.7017822266 
1303.5682373047 
1302.2819824219 
1300.7745361328 
1299.6574707031 
1298.3067626953 
1296.7720947266 
1295.2583007812 
1293.5762939453 
1291.8190917969 
1290.1845703125 
1288.8636474609 
1287.0640869141 
1285.4395751953 
1283.5186767578 
1281.1055908203 
1278.6881103516 
1275.6452636719 
1272.9365234375 
1270.2403564453 
1267.3565673828 
1263.8071289062 
1260.3389892578 
1257.1198730469 
1253.1027832031 
1248.4774169922 
1243.4916992188 
1238.6064453125 
1232.8258056641 
1227.2163085938 
1221.0802001953 
1215.1870117188 
1208.8917236328 
1202.0927734375 
1195.4189453125 
1188.1403808594 
1180.8095703125 
1172.7961425781 
1165.6772460938 
1158.5895996094 
1151.0288085938 
1143.9077148438 
1136.7542724609 
1129.8563232422 
1122.125 
1114.4946289062 
1107.3018798828 
1099.6781005859 
1092.4760742188 
1085.3267822266 
1078.6043701172 
1071.4215087891 
1064.4671630859 
1057.8208007812 
1051.4802246094 
1044.5848388672 
1038.4074707031 
1032.0869140625 
1025.8669433594 
1019.4907226562 
1013.3168945312 
1007.7924804688 
1002.3209228516 
997.31695556641 
992.36932373047 
986.60290527344 
982.23046875 
977.33038330078 
973.02185058594 
968.73474121094 
964.44567871094 
960.74780273438 
957.07098388672 
953.56451416016 
949.6650390625 
945.67242431641 
941.37292480469 
936.60668945312 
932.19085693359 
929.25933837891 
926.08544921875 
922.55029296875 
919.56359863281 
916.10845947266 
912.90447998047 
910.01788330078 
907.47985839844 
904.00305175781 
901.32922363281 
899.07458496094 
896.72534179688 
894.43884277344 
892.21185302734 
889.99584960938 
888.67297363281 
886.52307128906 
884.52215576172 
882.06085205078 
879.95526123047 
877.35754394531 
875.25360107422 
873.11492919922 
870.51995849609 
868.20147705078 
866.58013916016 
864.54718017578 
862.29528808594 
860.44702148438 
857.72106933594 
855.39801025391 
852.88397216797 
850.75238037109 
848.46630859375 
845.99426269531 
843.94921875 
841.46881103516 
838.96960449219 
835.91284179688 
833.04632568359 
830.18151855469 
826.93267822266 
823.39794921875 
820.22210693359 
816.81317138672 
813.99041748047 
809.89794921875 
806.42291259766 
802.27008056641 
798.31335449219 
794.53173828125 
790.02508544922 
786.01818847656 
782.04376220703 
778.16949462891 
773.97045898438 
769.77923583984 
765.291015625 
759.93701171875 
754.78039550781 
749.6982421875 
745.06256103516 
739.60687255859 
734.00903320312 
728.80810546875 
717.60723876953 
711.8525390625 
705.66375732422 
699.54315185547 
694.42694091797 
687.61260986328 
681.18865966797 
675.06829833984 
668.84753417969 
656.44995117188 
649.41583251953 
642.97180175781 
636.63415527344 
630.01031494141 
623.56072998047 
616.80694580078 
610.51068115234 
603.49078369141 
596.75006103516 
590.80096435547 
584.59124755859 
577.96630859375 
571.60876464844 
565.65509033203 
559.63958740234 
554.82135009766 
548.97741699219 
542.74786376953 
538.60815429688 
532.87603759766 
528.74578857422 
524.47808837891 
521.27301025391 
518.39801025391 
516.05883789062 
514.45501708984 
512.72894287109 
511.64971923828 
511.26559448242 
510.47265625 
511.21978759766 
512.12152099609 
512.76416015625 
513.21545410156 
514.43731689453 
515.36065673828 
516.11755371094 
516.267578125 
516.59240722656 
515.94885253906 
516.36395263672 
517.02954101562 
516.93475341797 
516.85339355469 
517.142578125 
518.16534423828 
518.60870361328 
518.78356933594 
518.26556396484 
518.46911621094 
518.33654785156 
517.97027587891 
517.74829101562 
516.86743164062 
515.90478515625 
515.22790527344 
514.72125244141 
513.81597900391 
512.49993896484 
511.43969726562 
510.58239746094 
509.39706420898 
508.29098510742 
506.81097412109 
505.16040039062 
503.41983032227 
502.67959594727 
501.07760620117 
499.22802734375 
498.20330810547 
496.35430908203 
494.58953857422 
493.8522644043 
491.44802856445 
489.73620605469 
488.06939697266 
486.32232666016 
484.62487792969 
482.650390625 
480.16522216797 
477.83108520508 
474.86001586914 
472.52801513672 
469.82553100586 
467.21878051758 
464.28216552734 
461.70205688477 
458.66046142578 
455.67706298828 
452.80667114258 
449.01031494141 
446.37985229492 
441.97836303711 
437.63998413086 
434.13595581055 
430.11218261719 
425.74237060547 
421.62591552734 
417.75747680664 
413.22457885742 
409.40029907227 
405.85791015625 
402.35717773438 
399.19982910156 
396.20593261719 
393.98797607422 
392.26498413086 
391.10568237305 
390.29818725586 
389.99572753906 
390.15789794922 
390.60467529297 
392.19412231445 
394.42999267578 
398.33343505859 
400.79287719727 
404.01821899414 
407.31564331055 
410.22451782227 
413.63696289062 
417.01699829102 
419.92520141602 
423.05346679688 
425.68322753906 
427.9548034668 
429.84030151367 
431.13812255859 
431.98989868164 
432.12683105469 
433.47543334961 
434.82525634766 
435.22265625 
435.90563964844 
436.34014892578 
436.42059326172 
437.09057617188 
437.60406494141 
437.45416259766 
437.00643920898 
436.47778320312 
436.17129516602 
435.7272644043 
434.28546142578 
433.96557617188 
433.35858154297 
432.82046508789 
430.36724853516 
429.70788574219 
427.68173217773 
426.74774169922 
424.99026489258 
423.50299072266 
421.71920776367 
419.50204467773 
418.50967407227 
417.84841918945 
417.51364135742 
417.03244018555 
417.0419921875 
416.75787353516 
417.54248046875 
417.85513305664 
418.76177978516 
417.74523925781 
418.17135620117 
419.21691894531 
419.60079956055 
420.54858398438 
421.67510986328 
422.48208618164 
424.22946166992 
424.8473815918 
425.73504638672 
426.37838745117 
427.38104248047 
428.83383178711 
429.39208984375 
430.09429931641 
430.56127929688 
430.65393066406 
430.26278686523 
430.47311401367 
430.125 
429.30529785156 
428.12280273438 
427.1032409668 
425.61013793945 
424.03472900391 
423.29678344727 
420.85391235352 
418.49542236328 
415.60955810547 
413.15856933594 
410.46655273438 
407.22848510742 
403.64413452148 
399.68545532227 
395.61380004883 
392.04522705078 
387.5598449707 
383.40707397461 
379.69384765625 
374.81298828125 
370.32751464844 
365.47116088867 
360.69149780273 
355.96932983398 
351.53552246094 
347.9489440918 
344.38290405273 
340.82009887695 
337.43948364258 
333.57055664062 
331.90731811523 
329.77713012695 
327.89889526367 
326.67459106445 
326.25967407227 
326.33877563477 
327.29156494141 
327.84146118164 
329.39779663086 
331.95294189453 
334.4787902832 
337.69107055664 
341.58709716797 
344.98706054688 
347.45205688477 
350.35119628906 
352.20346069336 
354.7112121582 
356.91635131836 
359.12118530273 
360.87371826172 
363.16174316406 
366.18698120117 
368.83850097656 
371.19857788086 
374.15225219727 
376.86380004883 
379.41641235352 
381.83535766602 
384.05474853516 
387.31719970703 
389.69741821289 
393.28021240234 
396.89224243164 
400.17156982422 
404.7141418457 
408.8701171875 
413.15878295898 
418.12152099609 
423.8200378418 
430.51611328125 
437.07107543945 
445.23449707031 
453.99108886719 
463.15368652344 
473.1181640625 
483.77944946289 
494.87576293945 
506.78732299805 
518.96209716797 
531.90490722656 
545.37896728516 
560.62902832031 
578.21496582031 
594.61639404297 
611.75146484375 
629.236328125 
648.38311767578 
667.94256591797 
687.32696533203 
707.61883544922 
728.88763427734 
750.51934814453 
773.53033447266 
796.84826660156 
820.37829589844 
845.17260742188 
869.79187011719 
894.69946289062 
919.60870361328 
944.63763427734 
970.84167480469 
997.61676025391 
1023.9116210938 
1051.0418701172 
1078.306640625 
1105.8836669922 
1133.5521240234 
1161.3002929688 
1189.3488769531 
1217.2625732422 
1245.4409179688 
1273.2076416016 
1300.3624267578 
1327.1605224609 
1353.6163330078 
1380.5338134766 
1406.5491943359 
1432.1658935547 
1458.0892333984 
1482.8458251953 
1507.1218261719 
1531.6519775391 
1555.0490722656 
1578.3555908203 
1601.3033447266 
1622.9752197266 
1644.3941650391 
1665.0667724609 
1684.7042236328 
1703.4981689453 
1721.2336425781 
1737.5994873047 
1753.2287597656 
1767.9263916016 
1780.3851318359 
1793.3494873047 
1805.0034179688 
1814.7257080078 
1824.0738525391 
1833.0784912109 
1840.9132080078 
1848.5152587891 
1855.2476806641 
1861.7327880859 
1868.0007324219 
1873.9306640625 
1880.4006347656 
1886.7564697266 
1893.3175048828 
1900.4650878906 
1907.8255615234 
1915.2235107422 
1923.07421875 
1931.7165527344 
1940.3879394531 
1949.4995117188 
1959.3104248047 
1969.0708007812 
1977.7780761719 
1985.1923828125 
1991.6790771484 
1996.2131347656 
1998.4473876953 
1999.0539550781 
1997.5367431641 
1994.5366210938 
1992.4326171875 
1990.0885009766 
1987.814453125 
1986.6920166016 
1986.91015625 
1987.2965087891 
1988.0052490234 
1988.7696533203 
1989.0341796875 
1989.6812744141 
1990.5510253906 
1991.8605957031 
1993.3328857422 
1995.8101806641 
1997.51171875 
1999.6099853516 
2001.6899414062 
2003.1176757812 
2004.2340087891 
2005.2733154297 
2006.4450683594 
2007.9018554688 
2008.6065673828 
2009.8814697266 
2011.1617431641 
2012.3305664062 
2013.1083984375 
2014.6467285156 
2015.3509521484 
2016.5295410156 
2018.091796875 
2019.2933349609 
2020.7081298828 
2022.0577392578 
2022.8312988281 
2023.7858886719 
2025.0225830078 
2026.2052001953 
2027.0202636719 
2027.0477294922 
2027.2056884766 
2027.2120361328 
2027.123046875 
2026.8681640625 
2026.5671386719 
2026.4763183594 
2025.5395507812 
2024.6658935547 
2024.3863525391 
2023.9575195312 
2023.0440673828 
2022.0560302734 
2021.2607421875 
2020.37890625 
2019.4000244141 
2018.8619384766 
2017.8685302734 
2016.7933349609 
2016.2863769531 
2015.4542236328 
2015.1976318359 
2014.4099121094 
2013.0715332031 
2012.3231201172 
2012.0838623047 
2011.4456787109 
2011.2161865234 
2010.1251220703 
2009.1188964844 
2008.3784179688 
2007.6947021484 
2007.3392333984 
2006.2863769531 
2004.8865966797 
2004.3065185547 
2003.4130859375 
2002.4304199219 
2001.572265625 
2000.470703125 
1999.6734619141 
1998.7956542969 
1997.7352294922 
1997.2061767578 
1996.4797363281 
1995.1182861328 
1994.8394775391 
1994.2034912109 
1993.05078125 
1992.9185791016 
1992.3076171875 
1991.4750976562 
1990.3284912109 
1989.6605224609 
1989.4754638672 
1988.7630615234 
1988.6071777344 
1988.3286132812 
1988.3894042969 
1988.6455078125 
1989.2983398438 
1990.3861083984 
1991.4886474609 
1993.6011962891 
1995.5662841797 
1997.2393798828 
1997.4858398438 
1996.2862548828 
1993.9162597656 
1989.8449707031 
1985.7777099609 
1980.5373535156 
1977.1458740234 
1974.4364013672 
1972.9682617188 
1972.2716064453 
1972.1900634766 
1971.3869628906 
1971.5881347656 
1971.7834472656 
1972.1174316406 
1973.3972167969 
1974.6964111328 
1975.9516601562 
1977.5771484375 
1978.7578125 
1979.7642822266 
1980.2507324219 
1981.06640625 
1981.5028076172 
1981.8782958984 
1982.5673828125 
1983.0626220703 
1983.5712890625 
1984.3114013672 
1984.6538085938 
1985.0036621094 
1985.3662109375 
1985.9163818359 
1986.216796875 
1986.1303710938 
1986.228515625 
1986.2772216797 
1986.4514160156 
1986.4776611328 
1986.6724853516 
1986.7088623047 
1987.3232421875 
1987.3114013672 
1987.3150634766 
1987.3404541016 
1987.2463378906 
1986.7581787109 
1986.7462158203 
1986.4498291016 
1986.0950927734 
1985.4119873047 
1985.2347412109 
1984.4290771484 
1983.5909423828 
1983.1610107422 
1982.4077148438 
1981.6976318359 
1980.7266845703 
1980.3466796875 
1979.8988037109 
1979.3115234375 
1979.1494140625 
1978.8162841797 
1978.4993896484 
1978.0770263672 
1978.1646728516 
1977.7016601562 
1977.7058105469 
1977.5295410156 
1977.6544189453 
1978.0013427734 
1977.7287597656 
1978.3442382812 
1978.6520996094 
1978.7547607422 
1979.2730712891 
1980.1436767578 
1980.8684082031 
1981.2510986328 
1982.4663085938 
1983.6549072266 
1985.1566162109 
1986.5654296875 
1987.5268554688 
1987.0712890625 
1985.7596435547 
1983.7877197266 
1980.8399658203 
1978.1931152344 
1975.1893310547 
1972.5129394531 
1970.4549560547 
1970.0185546875 
1969.6246337891 
1969.9173583984 
1970.0148925781 
1969.9688720703 
1969.5363769531 
1969.7237548828 
1970.3902587891 
1970.9447021484 
1971.2811279297 
1971.5865478516 
1971.7205810547 
1971.7651367188 
1971.7542724609 
1972.1068115234 
1972.263671875 
1972.7354736328 
1972.9407958984 
1973.7490234375 
1974.6966552734 
1975.5965576172 
1976.8735351562 
1977.7683105469 
1978.6574707031 
1980.0610351562 
1981.1213378906 
1982.0229492188 
1983.1591796875 
1983.9776611328 
1984.59765625 
1985.2332763672 
1985.8486328125 
1986.3591308594 
1986.4840087891 
1986.5275878906 
1986.2995605469 
1986.0648193359 
1985.7192382812 
1985.1614990234 
1984.8414306641 
1984.3332519531 
1983.3951416016 
1983.1213378906 
1982.1319580078 
1981.1363525391 
1980.6328125 
1979.9992675781 
1979.3280029297 
1979.0047607422 
1978.4682617188 
1977.9903564453 
1977.5655517578 
1977.2575683594 
1976.7924804688 
1976.4895019531 
1976.3292236328 
1976.3303222656 
1976.0319824219 
1975.9539794922 
1975.8693847656 
1976.0115966797 
1976.4400634766 
1976.9012451172 
1977.2839355469 
1978.0441894531 
1979.4086914062 
1981.1801757812 
1982.3970947266 
1983.2149658203 
1983.0129394531 
1982.3433837891 
1980.7004394531 
1978.0284423828 
1975.53125 
1971.6871337891 
1968.2218017578 
1965.3846435547 
1963.5059814453 
1962.6203613281 
1961.9791259766 
1962.0601806641 
1962.3956298828 
1962.9743652344 
1963.7286376953 
1964.7578125 
1965.6293945312 
1966.9018554688 
1968.3001708984 
1968.9781494141 
1970.4158935547 
1971.8172607422 
1973.1170654297 
1974.6636962891 
1976.3643798828 
1977.9000244141 
1979.4366455078 
1981.2990722656 
1982.6458740234 
1984.0766601562 
1985.5456542969 
1987.0064697266 
1988.384765625 
1989.7242431641 
1990.5560302734 
1991.4677734375 
1992.2962646484 
1993.2448730469 
1993.7174072266 
1994.0573730469 
1994.2064208984 
1994.4001464844 
1993.9897460938 
1994.1280517578 
1994.0572509766 
1993.5438232422 
1993.1212158203 
1992.8045654297 
1992.2905273438 
1991.884765625 
1991.16015625 
1990.5465087891 
1990.1898193359 
1989.8090820312 
1989.349609375 
1989.1383056641 
1988.6553955078 
1988.6663818359 
1988.1955566406 
1988.0717773438 
1988.3825683594 
1988.6029052734 
1988.2305908203 
1988.0948486328 
1988.0943603516 
1988.2053222656 
1988.1605224609 
1988.2015380859 
1988.6090087891 
1988.3542480469 
1988.6771240234 
1988.3394775391 
1988.3177490234 
1987.7399902344 
1987.3636474609 
1986.8963623047 
1986.0174560547 
1984.0740966797 
1981.1818847656 
1976.8312988281 
1973.2904052734 
1968.6767578125 
1964.6235351562 
1960.1295166016 
1957.3157958984 
1955.6153564453 
1955.1188964844 
1955.0712890625 
1955.3326416016 
1955.4028320312 
1955.7694091797 
1956.5670166016 
1956.9522705078 
1957.7266845703 
1958.4580078125 
1959.095703125 
1959.7330322266 
1960.1197509766 
1960.4771728516 
1961.1047363281 
1962.0660400391 
1962.6755371094 
1963.9566650391 
1964.2177734375 
1965.3209228516 
1966.4263916016 
1967.6547851562 
1968.7448730469 
1969.91796875 
1970.5913085938 
1971.4747314453 
1972.3275146484 
1973.0089111328 
1973.6125488281 
1974.0484619141 
1974.2885742188 
1974.4278564453 
1974.5621337891 
1974.7797851562 
1974.8780517578 
1974.9305419922 
1974.7447509766 
1974.6895751953 
1974.5108642578 
1975.0278320312 
1975.0491943359 
1975.3585205078 
1975.6042480469 
1975.7625732422 
1975.6608886719 
1975.8349609375 
1975.9368896484 
1975.8804931641 
1975.7463378906 
1975.66015625 
1975.8914794922 
1975.9737548828 
1976.0579833984 
1975.7781982422 
1975.8189697266 
1975.7514648438 
1975.3256835938 
1974.830078125 
1974.396484375 
1973.7664794922 
1972.8310546875 
1971.5177001953 
1969.5325927734 
1967.4808349609 
1964.9094238281 
1962.1687011719 
1959.2573242188 
1956.3837890625 
1953.2872314453 
1949.6639404297 
1946.4741210938 
1943.7899169922 
1941.4548339844 
1939.2020263672 
1937.6760253906 
1936.5336914062 
1935.6641845703 
1935.2471923828 
1934.8330078125 
1934.2420654297 
1933.9956054688 
1933.2052001953 
1932.7083740234 
1932.2406005859 
1931.4608154297 
1930.9165039062 
1930.4162597656 
1930.3714599609 
1930.0718994141 
1930.4995117188 
1930.2489013672 
1930.3889160156 
1930.7961425781 
1930.9942626953 
1931.5651855469 
1931.9678955078 
1932.5191650391 
1933.2315673828 
1933.6248779297 
1933.8609619141 
1934.6848144531 
1935.0390625 
1935.4127197266 
1935.1859130859 
1935.0458984375 
1935.2954101562 
1935.3854980469 
1934.5833740234 
1934.4230957031 
1934.0815429688 
1932.6586914062 
1931.9321289062 
1930.8536376953 
1929.9219970703 
1928.8562011719 
1927.5766601562 
1926.3740234375 
1924.8092041016 
1923.2644042969 
1918.9663085938 
1917.189453125 
1914.9075927734 
1911.5583496094 
1909.4791259766 
1906.5865478516 
1903.4493408203 
1900.2518310547 
1896.7580566406 
1892.0661621094 
1887.1488037109 
1881.7163085938 
1875.3306884766 
1868.2766113281 
1860.5311279297 
1852.0992431641 
1843.2661132812 
1833.6489257812 
1822.6416015625 
1811.42578125 
1798.8962402344 
1785.8078613281 
1771.5200195312 
1756.3627929688 
1741.1059570312 
1724.9079589844 
1708.2760009766 
1691.6453857422 
1673.7987060547 
1655.7816162109 
1636.7026367188 
1617.1600341797 
1596.5693359375 
1575.6895751953 
1554.8309326172 
1534.2001953125 
1513.5517578125 
1492.8004150391 
1471.1323242188 
1449.7740478516 
1428.2258300781 
1406.8430175781 
1385.7520751953 
1365.0316162109 
1345.2340087891 
1325.4810791016 
1305.6489257812 
1286.0734863281 
1266.3627929688 
1246.5034179688 
1226.8513183594 
1207.2009277344 
1187.7687988281 
1168.4841308594 
1149.0396728516 
1130.7744140625 
1112.4782714844 
1094.8143310547 
1077.7403564453 
1060.6214599609 
1043.4171142578 
1026.2705078125 
1008.9962768555 
992.16217041016 
960.34631347656 
945.38922119141 
930.32824707031 
916.03131103516 
902.16314697266 
888.79888916016 
875.28045654297 
862.18853759766 
850.06439208984 
826.37805175781 
814.92419433594 
803.38201904297 
792.63928222656 
781.82604980469 
772.09130859375 
762.20336914062 
752.15270996094 
742.31103515625 
733.02313232422 
723.82476806641 
714.53076171875 
704.98010253906 
695.73937988281 
686.43084716797 
678.01110839844 
669.08270263672 
661.88439941406 
654.52166748047 
647.28771972656 
639.84216308594 
632.47888183594 
625.94494628906 
619.177734375 
612.88305664062 
606.77160644531 
601.09588623047 
596.79455566406 
593.04278564453 
589.70776367188 
587.25573730469 
586.18139648438 
585.12341308594 
585.04565429688 
586.13415527344 
587.64294433594 
589.6474609375 
592.55718994141 
595.54595947266 
599.42565917969 
602.97808837891 
606.36297607422 
609.6689453125 
612.12573242188 
614.79449462891 
617.05114746094 
618.81909179688 
620.59362792969 
622.22045898438 
624.02447509766 
626.00567626953 
627.51892089844 
628.24688720703 
628.64379882812 
629.22271728516 
629.60980224609 
629.64202880859 
628.81958007812 
628.30712890625 
627.35101318359 
626.06964111328 
624.11791992188 
621.82952880859 
619.208984375 
617.04125976562 
614.13586425781 
612.03588867188 
608.88153076172 
605.39056396484 
602.73742675781 
599.31335449219 
596.05755615234 
592.20581054688 
588.41241455078 
585.35632324219 
581.70391845703 
578.61779785156 
574.90679931641 
571.19287109375 
567.71942138672 
564.36901855469 
560.61151123047 
557.16961669922 
553.45599365234 
549.88348388672 
546.90252685547 
543.77935791016 
540.76947021484 
537.64172363281 
535.01171875 
532.26574707031 
529.53820800781 
527.3974609375 
525.51666259766 
522.85583496094 
520.61022949219 
517.97174072266 
515.91479492188 
512.93188476562 
509.74099731445 
507.56954956055 
504.99346923828 
501.84375 
499.00845336914 
495.93106079102 
492.25177001953 
488.62451171875 
484.68789672852 
480.72842407227 
477.51422119141 
474.52160644531 
471.056640625 
468.04156494141 
465.13522338867 
461.85208129883 
458.77987670898 
455.76281738281 
453.00350952148 
450.78454589844 
449.28125 
448.45989990234 
448.04830932617 
447.64428710938 
448.11447143555 
448.0634765625 
448.49163818359 
448.64590454102 
448.009765625 
447.57177734375 
447.64733886719 
447.47991943359 
447.74032592773 
448.18661499023 
448.3512878418 
448.41815185547 
449.12997436523 
450.24682617188 
450.27597045898 
449.50662231445 
450.1018371582 
448.8561706543 
447.92437744141 
447.33709716797 
444.62197875977 
442.62414550781 
440.26620483398 
436.82647705078 
433.70425415039 
430.24798583984 
427.2516784668 
423.89541625977 
420.32012939453 
417.04022216797 
412.89169311523 
408.74572753906 
405.07531738281 
400.39065551758 
397.02514648438 
394.09628295898 
391.61456298828 
389.83172607422 
389.2998046875 
388.57000732422 
389.00662231445 
390.35650634766 
392.46032714844 
395.51617431641 
398.70684814453 
402.83560180664 
407.23626708984 
412.08172607422 
416.2014465332 
420.15817260742 
423.60317993164 
426.64700317383 
430.66958618164 
433.3371887207 
434.29040527344 
435.73880004883 
437.27075195312 
438.84826660156 
439.66705322266 
439.79916381836 
440.32293701172 
441.07165527344 
441.36865234375 
441.83169555664 
441.8293762207 
441.24716186523 
440.68566894531 
440.57098388672 
439.53829956055 
437.0764465332 
435.58514404297 
434.41903686523 
432.57598876953 
431.03350830078 
429.8971862793 
428.16940307617 
426.69393920898 
424.99252319336 
424.37341308594 
422.99368286133 
422.82556152344 
421.82131958008 
420.88934326172 
420.7453918457 
419.91864013672 
419.07983398438 
419.0964050293 
418.80364990234 
419.01553344727 
418.84951782227 
419.6227722168 
419.87307739258 
420.42807006836 
421.34918212891 
421.96569824219 
423.44799804688 
424.95098876953 
427.08779907227 
429.61807250977 
432.24978637695 
434.12994384766 
437.21405029297 
439.94204711914 
443.07803344727 
445.85488891602 
448.96331787109 
452.6081237793 
455.99227905273 
460.01843261719 
464.04083251953 
467.82913208008 
472.53399658203 
476.7204284668 
480.94522094727 
484.9635925293 
489.79608154297 
494.01126098633 
498.68869018555 
502.93551635742 
507.38754272461 
511.8932800293 
516.40637207031 
521.02410888672 
525.73803710938 
530.23345947266 
534.73010253906 
538.76361083984 
542.71917724609 
546.62524414062 
550.40899658203 
553.54901123047 
556.84454345703 
559.89324951172 
562.67407226562 
565.07263183594 
567.25268554688 
568.68475341797 
570.06329345703 
570.44390869141 
570.16204833984 
570.17352294922 
570.90765380859 
570.50927734375 
569.83062744141 
568.16253662109 
565.31121826172 
562.87554931641 
559.91485595703 
556.75866699219 
553.16845703125 
550.26251220703 
546.51226806641 
541.17547607422 
536.54522705078 
531.40216064453 
527.23693847656 
522.19079589844 
516.08776855469 
510.59393310547 
505.26077270508 
499.19775390625 
494.48229980469 
489.29705810547 
484.22698974609 
479.62109375 
475.18984985352 
470.9983215332 
466.81610107422 
463.94128417969 
461.60513305664 
459.34979248047 
457.09829711914 
456.70947265625 
456.44854736328 
456.59661865234 
457.20220947266 
458.75115966797 
460.11215209961 
462.51062011719 
465.10726928711 
469.02517700195 
472.67007446289 
476.45559692383 
480.0419921875 
484.46203613281 
488.73931884766 
492.54824829102 
496.29583740234 
500.38711547852 
503.74746704102 
506.67721557617 
509.19848632812 
510.82028198242 
512.61602783203 
513.84851074219 
515.17181396484 
516.23095703125 
516.66357421875 
516.75573730469 
517.02276611328 
517.23016357422 
517.2451171875 
517.07275390625 
516.58728027344 
515.97973632812 
515.15747070312 
514.0751953125 
513.26336669922 
512.67059326172 
511.66018676758 
511.06909179688 
510.32485961914 
510.04318237305 
509.8977355957 
510.1259765625 
510.41586303711 
510.98608398438 
512.14971923828 
513.14288330078 
514.32794189453 
515.68444824219 
517.39361572266 
519.67297363281 
521.44488525391 
524.16906738281 
527.91180419922 
531.20758056641 
534.89044189453 
539.09930419922 
543.42431640625 
548.46514892578 
553.43176269531 
558.39361572266 
564.42633056641 
570.4169921875 
576.83325195312 
582.56384277344 
589.33581542969 
596.02899169922 
