0 
0 
0 
0 
0 
0 
0 
0 
0 
0 
0 
0 
0 
0 
0 
0 
0 
0 
0 
0 
0 
0 
0 
0 
0 
0 
0 
0 
0 
0 
0 
0 
0 
0 
0 
0 
0 
0 
0 
0 
0 
0 
0 
0 
0 
0 
0 
0 
0 
0 
0 
0 
0 
0 
0 
0 
0 
0 
0 
0 
0 
0 
0 
0 
0 
0 
0 
0 
0 
0 
0 
0 
0 
0 
0 
0 
0 
0 
0 
0 
0 
0 
0 
0 
0 
0 
0 
0 
0 
0 
0 
0 
0 
0 
0 
0 
0 
0 
0 
0 
0 
0 
0 
0 
0 
0 
0 
0 
0 
0 
0 
0 
0 
0 
0 
0 
0 
0 
0 
0 
0 
0 
0 
0 
0 
0 
0 
0 
0 
0 
0 
0 
0 
0 
0 
0 
0 
0 
0 
0 
0 
0 
0 
0 
0 
0 
0 
0 
0 
0 
0 
0 
0 
0 
0 
0 
0 
0 
0 
0 
0 
0 
0 
0 
0 
0 
0 
0 
0 
0 
0 
0 
0 
0 
0 
0 
0 
0 
0 
0 
0 
0 
0 
0 
0 
0 
0 
0 
0 
0 
0 
0 
0 
0 
0 
0 
0 
0 
0 
0 
0 
0 
0 
0 
0 
0 
0 
0 
0 
0 
0 
0 
0 
0 
0 
0 
0 
0 
0 
0 
0 
0 
0 
0 
0 
0 
0 
0 
0 
0 
0 
0 
0 
0 
0 
0 
0 
0 
0 
0 
1091.2111816406 
1079.1303710938 
1067.3734130859 
1054.4132080078 
1042.2368164062 
1029.712890625 
1018.4743041992 
1006.8861694336 
995.64044189453 
985.12445068359 
973.4873046875 
960.61175537109 
947.68811035156 
934.43481445312 
921.94519042969 
909.01348876953 
897.14752197266 
884.08227539062 
871.09246826172 
860.46795654297 
849.32482910156 
840.37127685547 
833.03997802734 
822.46203613281 
808.86273193359 
798.35119628906 
786.05871582031 
773.61724853516 
762.26867675781 
750.87805175781 
740.25555419922 
729.54150390625 
719.68884277344 
709.55346679688 
699.32904052734 
689.06713867188 
678.49157714844 
668.66394042969 
658.79705810547 
648.35504150391 
637.80987548828 
625.94714355469 
613.81408691406 
601.68670654297 
589.15515136719 
576.55572509766 
564.37286376953 
551.78424072266 
538.83306884766 
525.90246582031 
512.67791748047 
499.72882080078 
486.65423583984 
474.44421386719 
463.82540893555 
453.58276367188 
444.13388061523 
435.10180664062 
426.93075561523 
417.85162353516 
409.71850585938 
401.26412963867 
394.09396362305 
387.17535400391 
380.29147338867 
373.37417602539 
366.97836303711 
361.11563110352 
354.69155883789 
347.70303344727 
341.7536315918 
336.24807739258 
331.64950561523 
326.65447998047 
322.59234619141 
318.57681274414 
316.37042236328 
314.25863647461 
312.78851318359 
311.51626586914 
310.00793457031 
308.70004272461 
308.35418701172 
307.80657958984 
307.65017700195 
308.05072021484 
309.24670410156 
310.13662719727 
310.59411621094 
310.81649780273 
309.97357177734 
308.21792602539 
306.76565551758 
304.0719909668 
301.01184082031 
297.03094482422 
293.04779052734 
288.25714111328 
283.70581054688 
278.71676635742 
273.95327758789 
269.53228759766 
265.47067260742 
261.08786010742 
256.96115112305 
251.75881958008 
245.16284179688 
238.77182006836 
232.59941101074 
226.85014343262 
220.59628295898 
215.4464263916 
210.04975891113 
204.95951843262 
200.42651367188 
196.16943359375 
192.6501159668 
189.34509277344 
186.35919189453 
184.01782226562 
182.23568725586 
180.31759643555 
178.36354064941 
176.9860534668 
175.77615356445 
174.69334411621 
173.88479614258 
173.76231384277 
174.57872009277 
175.96282958984 
177.57972717285 
179.27680969238 
181.06958007812 
183.01579284668 
184.85737609863 
186.10488891602 
187.68212890625 
188.91394042969 
188.4556427002 
187.42547607422 
186.40107727051 
185.2314453125 
184.50477600098 
184.19491577148 
183.82168579102 
183.44128417969 
182.39465332031 
181.3928527832 
180.60119628906 
180.93336486816 
180.58123779297 
181.02435302734 
182.5478515625 
185.57939147949 
191.71234130859 
196.99841308594 
203.76724243164 
210.66244506836 
217.9211730957 
224.31188964844 
231.2741394043 
237.69792175293 
243.80972290039 
250.13389587402 
255.92115783691 
261.42156982422 
266.63330078125 
272.52264404297 
279.14114379883 
285.80435180664 
292.63336181641 
298.89309692383 
306.20886230469 
313.29425048828 
320.68304443359 
327.56964111328 
334.35314941406 
339.44934082031 
344.45910644531 
347.82025146484 
349.89178466797 
350.56491088867 
350.53961181641 
348.69122314453 
346.49887084961 
344.27752685547 
340.74206542969 
335.91061401367 
329.81546020508 
322.70980834961 
314.86608886719 
306.58471679688 
297.60736083984 
287.57192993164 
276.35577392578 
264.65811157227 
250.63348388672 
236.70283508301 
220.97804260254 
205.62873840332 
189.27369689941 
171.38609313965 
152.90219116211 
133.30711364746 
113.078125 
92.540534973145 
72.354835510254 
52.283203125 
33.768493652344 
15.71932220459 
-0.41900885105133 
-14.732606887817 
-30.627729415894 
-44.356254577637 
-57.70458984375 
-69.51326751709 
-79.949081420898 
-88.018341064453 
-94.243476867676 
-100.27031707764 
-105.783203125 
-111.61351013184 
-115.71380615234 
-119.0378036499 
-121.59621429443 
-123.11545562744 
-124.0464553833 
-125.57527923584 
-125.28282928467 
-123.38031005859 
-121.78323364258 
-120.87001037598 
-118.45339202881 
-116.96917724609 
-112.89042663574 
-109.98625183105 
-106.68978881836 
-103.59490966797 
-100.59725952148 
-97.118721008301 
-93.404487609863 
-89.186134338379 
-86.196556091309 
-81.070625305176 
-75.677337646484 
-70.793960571289 
-65.31160736084 
-61.141578674316 
-55.034152984619 
-49.010585784912 
-41.064117431641 
-35.323322296143 
-27.963203430176 
-20.841438293457 
-13.205966949463 
-5.8043341636658 
2.7280650138855 
9.8737993240356 
18.803001403809 
26.685056686401 
36.353290557861 
44.15970993042 
52.465106964111 
61.268653869629 
70.500297546387 
81.167861938477 
91.190414428711 
99.181030273438 
109.68190002441 
120.33696746826 
130.28785705566 
140.39633178711 
148.6852722168 
159.86682128906 
170.43667602539 
180.13082885742 
189.33557128906 
197.88815307617 
205.86454772949 
212.85079956055 
219.99737548828 
226.50848388672 
233.41394042969 
239.52012634277 
244.76753234863 
250.12872314453 
255.41009521484 
259.80462646484 
263.673828125 
267.06143188477 
270.26605224609 
272.02069091797 
273.98901367188 
275.21548461914 
275.78329467773 
276.90145874023 
275.86636352539 
274.23040771484 
271.98245239258 
269.29016113281 
266.29486083984 
262.57290649414 
257.53402709961 
252.20817565918 
245.99276733398 
239.1072845459 
232.10586547852 
223.94845581055 
215.61309814453 
206.27684020996 
196.55038452148 
185.94967651367 
173.83316040039 
160.51524353027 
146.4852142334 
132.95960998535 
118.07262420654 
102.86135101318 
86.351448059082 
69.198371887207 
52.446041107178 
33.89183807373 
18.104242324829 
3.9496312141418 
-10.616501808167 
-23.861862182617 
-35.737148284912 
-47.735240936279 
-59.252689361572 
-69.766372680664 
-78.753356933594 
-86.314552307129 
-93.054573059082 
-98.413024902344 
-103.10175323486 
-106.41786193848 
-109.33798217773 
-111.4673614502 
-112.87599945068 
-114.1395111084 
-114.73390197754 
-114.69442749023 
-114.72228240967 
-113.6862487793 
-112.70230102539 
-111.13879394531 
-108.84178924561 
-106.12358856201 
-102.43885040283 
-97.938568115234 
-93.838500976562 
-88.202018737793 
-81.808418273926 
-76.188217163086 
-70.462730407715 
-64.247138977051 
-56.792236328125 
-49.102241516113 
-41.285713195801 
-33.540302276611 
-24.502082824707 
-15.665977478027 
-6.4479517936707 
3.8975615501404 
12.245038986206 
22.20750617981 
32.848365783691 
43.116638183594 
53.420166015625 
62.916358947754 
72.619895935059 
82.688995361328 
92.640487670898 
103.15646362305 
112.78757476807 
121.89848327637 
131.14947509766 
139.84042358398 
148.12411499023 
156.37512207031 
163.46588134766 
170.48614501953 
178.21899414062 
185.29299926758 
192.23675537109 
197.89624023438 
203.39842224121 
208.3243560791 
213.32427978516 
217.89775085449 
222.20321655273 
226.53901672363 
230.29655456543 
233.66348266602 
235.78718566895 
237.0855255127 
238.60208129883 
239.39501953125 
239.09518432617 
238.14831542969 
236.00047302246 
233.30953979492 
229.5793762207 
225.17088317871 
219.33702087402 
212.98245239258 
206.06271362305 
197.73641967773 
189.03079223633 
179.74633789062 
168.72520446777 
157.64009094238 
146.4380645752 
133.9679107666 
119.40352630615 
104.2243270874 
89.292694091797 
74.625785827637 
59.657913208008 
44.490844726562 
28.738649368286 
12.738583564758 
-3.0700542926788 
-18.62547492981 
-33.070690155029 
-46.503559112549 
-59.060844421387 
-70.743103027344 
-80.804962158203 
-89.343444824219 
-96.868225097656 
-102.60101318359 
-107.35618591309 
-111.75327301025 
-114.91864013672 
-118.14311218262 
-120.44487762451 
-120.99913024902 
-121.70174407959 
-121.35344696045 
-120.79981994629 
-119.21154785156 
-116.72855377197 
-114.26201629639 
-110.66020965576 
-106.2347946167 
-101.17423248291 
-95.650337219238 
-89.613555908203 
-83.061424255371 
-76.457977294922 
-69.961921691895 
-62.645614624023 
-55.960010528564 
-48.438591003418 
-40.604354858398 
-32.594501495361 
-25.115345001221 
-16.565921783447 
-8.4420642852783 
-0.052178174257278 
7.6867027282715 
16.43744468689 
24.649309158325 
32.764499664307 
41.381034851074 
49.42977142334 
58.626728057861 
65.867362976074 
74.092750549316 
82.312286376953 
90.611923217773 
97.473861694336 
103.85457611084 
110.58480072021 
117.4387588501 
124.54541015625 
130.5604095459 
136.42910766602 
142.2904510498 
148.84315490723 
154.47323608398 
160.02941894531 
165.12771606445 
169.69444274902 
173.6284942627 
178.09355163574 
186.31031799316 
189.99737548828 
192.90621948242 
195.80732727051 
198.14376831055 
201.01940917969 
202.48091125488 
204.16532897949 
205.78633117676 
206.76666259766 
205.79295349121 
205.55274963379 
203.76206970215 
201.66261291504 
199.79611206055 
196.76167297363 
192.37313842773 
188.44793701172 
184.10346984863 
178.9829864502 
173.56063842773 
166.46759033203 
159.10858154297 
152.38572692871 
142.58869934082 
134.57159423828 
125.15940856934 
115.49308013916 
106.05683135986 
94.937049865723 
83.980812072754 
72.949371337891 
60.889434814453 
49.573467254639 
38.298126220703 
26.198900222778 
13.629342079163 
1.8325575590134 
-8.7527513504028 
-19.898078918457 
-30.460908889771 
-41.112232208252 
-50.295394897461 
-59.159412384033 
-66.718856811523 
-73.461120605469 
-79.525451660156 
-86.236114501953 
-92.839065551758 
-97.024345397949 
-99.857192993164 
-102.26147460938 
-104.48802947998 
-105.6498260498 
-106.18516540527 
-106.68508911133 
-105.41840362549 
-103.87910461426 
-101.64040374756 
-98.814254760742 
-96.027801513672 
-92.554809570312 
-88.270523071289 
-83.397369384766 
-78.697532653809 
-73.828277587891 
-68.638122558594 
-62.895420074463 
-56.415313720703 
-49.968589782715 
-43.02367401123 
-35.869274139404 
-29.170576095581 
-22.015892028809 
-13.538346290588 
-5.0196003913879 
2.8694400787354 
10.552590370178 
19.070116043091 
27.237480163574 
35.053256988525 
43.578075408936 
52.236911773682 
60.69034576416 
69.567367553711 
77.469093322754 
85.599609375 
93.51146697998 
101.39432525635 
109.00406646729 
116.25901794434 
123.66487884521 
130.97204589844 
137.98321533203 
144.57180786133 
150.52861022949 
156.14627075195 
160.67008972168 
165.69776916504 
168.9797668457 
172.1982421875 
174.87109375 
175.94818115234 
176.75202941895 
176.59992980957 
174.95840454102 
171.97410583496 
168.08804321289 
163.2645111084 
156.81385803223 
148.88038635254 
140.67831420898 
130.33660888672 
118.47994232178 
105.86811065674 
92.100280761719 
76.898155212402 
61.387016296387 
44.239738464355 
26.875366210938 
9.9846639633179 
-6.7325577735901 
-23.324451446533 
-39.850475311279 
-56.766418457031 
-72.829566955566 
-87.706184387207 
-101.95100402832 
-114.82342529297 
-126.7833480835 
-137.34848022461 
-146.71539306641 
-154.68876647949 
-161.55241394043 
-166.70108032227 
-171.15875244141 
-174.00965881348 
-176.0883026123 
-177.7420501709 
-177.91792297363 
-177.46118164062 
-176.65174865723 
-174.96202087402 
-173.26605224609 
-171.5495300293 
-168.3755645752 
-164.55250549316 
-160.92391967773 
-156.07559204102 
-150.73205566406 
-145.57029724121 
-138.6742401123 
-132.18914794922 
-124.16416931152 
-116.2410736084 
-107.61278533936 
-97.946228027344 
-88.848693847656 
-77.254257202148 
-65.144927978516 
-53.457942962646 
-40.387813568115 
-27.130363464355 
-13.741374969482 
-0.079250007867813 
13.948656082153 
28.099216461182 
42.409145355225 
56.895652770996 
71.32063293457 
86.267509460449 
101.32105255127 
116.51140594482 
130.94436645508 
145.26698303223 
159.69537353516 
173.1993560791 
186.88441467285 
199.91806030273 
212.38027954102 
224.75993347168 
236.75164794922 
248.21174621582 
259.68057250977 
270.96081542969 
281.28399658203 
290.91751098633 
299.63314819336 
308.64477539062 
316.73983764648 
324.47836303711 
332.76513671875 
339.23693847656 
345.33276367188 
351.55465698242 
356.21987915039 
360.5390625 
364.36627197266 
367.25854492188 
369.33337402344 
371.09713745117 
372.12704467773 
372.57159423828 
371.92584228516 
371.28698730469 
369.22485351562 
366.26947021484 
362.95483398438 
358.95727539062 
353.86102294922 
348.19345092773 
342.19207763672 
334.35250854492 
326.54946899414 
317.88064575195 
307.79919433594 
297.48175048828 
286.51196289062 
274.33694458008 
261.48327636719 
247.50988769531 
233.51870727539 
218.46070861816 
202.46615600586 
186.52833557129 
170.25337219238 
153.21681213379 
136.33763122559 
119.15463256836 
101.98474884033 
83.590896606445 
66.402198791504 
49.475978851318 
32.314426422119 
17.158706665039 
3.5274138450623 
-7.9891138076782 
-18.943605422974 
-26.804840087891 
-34.548393249512 
-40.809803009033 
-45.677749633789 
-48.97091293335 
-51.40319442749 
-53.358112335205 
-54.326198577881 
-54.971988677979 
-54.150451660156 
-52.11743927002 
-49.974319458008 
-46.670875549316 
-42.850982666016 
-37.912208557129 
-32.23140335083 
-25.601100921631 
-18.199714660645 
-10.012545585632 
-0.43567359447479 
9.6659278869629 
20.034435272217 
30.720979690552 
41.611953735352 
52.248764038086 
62.542472839355 
72.725715637207 
83.190971374512 
93.951530456543 
104.26868438721 
113.9156036377 
124.17160797119 
132.70025634766 
139.94076538086 
146.34829711914 
151.3685760498 
155.81030273438 
159.99551391602 
162.9235534668 
165.21147155762 
166.51225280762 
166.97300720215 
166.18835449219 
165.79592895508 
164.92892456055 
163.29063415527 
161.45556640625 
159.22036743164 
157.59265136719 
154.73066711426 
151.53207397461 
148.69418334961 
144.8025970459 
141.51107788086 
137.74006652832 
133.52844238281 
129.62043762207 
125.84544372559 
122.3849105835 
118.37564849854 
114.67875671387 
111.68156433105 
108.81497192383 
105.59803009033 
102.77620697021 
101.0025177002 
99.007926940918 
97.354682922363 
96.485862731934 
95.703796386719 
94.88794708252 
95.379653930664 
95.67847442627 
96.774482727051 
98.424842834473 
100.32736968994 
102.69621276855 
105.48136901855 
109.55818939209 
113.88696289062 
118.42063140869 
123.92935180664 
129.8938293457 
136.54774475098 
143.62350463867 
150.73736572266 
158.62014770508 
166.57629394531 
174.27368164062 
181.6414642334 
188.91337585449 
196.41650390625 
203.40803527832 
210.08099365234 
216.7958984375 
222.49438476562 
227.42248535156 
232.25006103516 
235.52922058105 
238.1862487793 
238.90518188477 
238.51445007324 
236.81066894531 
232.97361755371 
227.68334960938 
220.51148986816 
211.42535400391 
199.73606872559 
186.80714416504 
171.5532989502 
153.46897888184 
133.44302368164 
111.205078125 
86.462661743164 
59.844287872314 
31.041885375977 
3.0880570411682 
-25.796627044678 
-54.70276260376 
-83.110069274902 
-109.40646362305 
-133.23391723633 
-149.880859375 
-163.33351135254 
-172.98384094238 
-179.92002868652 
-184.55421447754 
-185.82629394531 
-185.1775970459 
-183.1015625 
-181.26985168457 
-178.34637451172 
-176.1199798584 
-175.15037536621 
-174.74392700195 
-172.36129760742 
-170.21682739258 
-167.05256652832 
-162.58622741699 
-158.26829528809 
-155.86682128906 
-152.70399475098 
-149.54661560059 
-145.80397033691 
-144.71017456055 
-141.51664733887 
-137.79591369629 
-134.31578063965 
-131.2420501709 
-125.85131835938 
-121.1198425293 
-115.95561981201 
-109.68000030518 
-102.31407165527 
-94.573974609375 
-86.800430297852 
-80.594825744629 
-72.919479370117 
-65.464973449707 
-56.715267181396 
-48.711132049561 
-41.041614532471 
-35.225643157959 
-26.94075012207 
-20.40548324585 
-12.370483398438 
-5.564462184906 
0.3151091337204 
6.0022897720337 
10.252268791199 
16.63357925415 
21.557516098022 
26.597658157349 
31.029186248779 
34.811744689941 
38.248931884766 
40.549446105957 
43.974456787109 
46.400737762451 
47.292381286621 
48.66255569458 
50.29630279541 
52.394367218018 
53.182483673096 
52.02152633667 
51.250247955322 
52.091423034668 
50.64379119873 
50.489143371582 
49.252632141113 
48.887489318848 
48.954254150391 
48.992469787598 
49.678749084473 
50.209827423096 
49.460731506348 
50.575759887695 
51.039443969727 
50.994552612305 
51.105827331543 
50.737773895264 
52.514743804932 
52.819171905518 
53.105537414551 
55.49259185791 
57.156394958496 
56.684875488281 
59.168239593506 
59.94994354248 
59.949634552002 
60.739849090576 
61.231018066406 
60.699836730957 
60.151607513428 
59.746997833252 
59.492446899414 
57.959468841553 
55.045181274414 
51.05054473877 
45.963710784912 
39.431461334229 
30.225732803345 
18.197748184204 
4.1952271461487 
-12.94545841217 
-33.088180541992 
-55.410129547119 
-79.967147827148 
-104.38581848145 
-129.48112487793 
-153.80252075195 
-174.81402587891 
-187.95983886719 
-195.92259216309 
-197.37023925781 
-195.38977050781 
-191.29524230957 
-185.91761779785 
-179.70668029785 
-174.21228027344 
-167.97515869141 
-161.61926269531 
-155.11140441895 
-148.04779052734 
-139.68630981445 
-131.20181274414 
-121.36237335205 
-112.01189422607 
-102.35639190674 
-93.484443664551 
-85.283073425293 
-77.566497802734 
-70.534599304199 
-63.209827423096 
-55.544334411621 
-47.622631072998 
-39.837787628174 
-32.540542602539 
-25.557027816772 
-19.000732421875 
-12.01350402832 
-6.0212950706482 
-0.083161503076553 
6.1306486129761 
12.071167945862 
17.105888366699 
22.892585754395 
28.651554107666 
34.191276550293 
40.322151184082 
45.803298950195 
51.006614685059 
56.689167022705 
61.74857711792 
66.825462341309 
71.529769897461 
75.950706481934 
80.260482788086 
83.687294006348 
87.088684082031 
90.229431152344 
93.569091796875 
96.874290466309 
98.827255249023 
101.24182891846 
102.73258209229 
104.45761108398 
104.9326171875 
105.13402557373 
104.89588165283 
104.67602539062 
103.8980255127 
102.88832092285 
101.82982635498 
100.95302581787 
99.301750183105 
98.078598022461 
96.832702636719 
94.019302368164 
91.229621887207 
88.112007141113 
83.577293395996 
79.109359741211 
72.237129211426 
64.325500488281 
53.873714447021 
40.857734680176 
25.436014175415 
6.4873924255371 
-14.381806373596 
-37.415504455566 
-61.179916381836 
-84.621383666992 
-108.0774230957 
-128.55076599121 
-145.1515045166 
-156.76568603516 
-164.0493927002 
-167.87091064453 
-170.43968200684 
-170.97370910645 
-170.77301025391 
-168.6325378418 
-165.67233276367 
-163.20112609863 
-160.07904052734 
-155.38876342773 
-150.76930236816 
-145.24534606934 
-138.75636291504 
-132.08679199219 
-125.3367767334 
-118.09091949463 
-111.19567108154 
-103.3330078125 
-95.550804138184 
-87.655456542969 
-79.842704772949 
-72.500602722168 
-63.947750091553 
-56.012710571289 
-47.587547302246 
-39.169376373291 
-30.834978103638 
-22.674184799194 
-14.361667633057 
-6.2171177864075 
1.4170724153519 
8.6389255523682 
16.324026107788 
23.572948455811 
30.522264480591 
37.505722045898 
44.720024108887 
51.168888092041 
57.152053833008 
62.525543212891 
67.464500427246 
72.623489379883 
77.309501647949 
81.100631713867 
84.674850463867 
88.314598083496 
91.527618408203 
94.246627807617 
96.263969421387 
97.899116516113 
99.328010559082 
100.19058990479 
100.72918701172 
101.39900970459 
101.39693450928 
101.2211227417 
100.83575439453 
99.900688171387 
98.5244140625 
96.918418884277 
94.291862487793 
91.312911987305 
87.457145690918 
82.018630981445 
75.555870056152 
66.901092529297 
56.295612335205 
42.642436981201 
27.455444335938 
9.0397663116455 
-10.642267227173 
-31.475419998169 
-53.5823097229 
-75.036750793457 
-94.999488830566 
-113.0320892334 
-126.18774414062 
-134.71096801758 
-140.51583862305 
-144.27456665039 
-146.26898193359 
-146.35357666016 
-145.23583984375 
-142.7663269043 
-139.85595703125 
-135.27751159668 
-130.22802734375 
-123.91625213623 
-117.75505065918 
-111.63957977295 
-104.5736541748 
-97.312980651855 
-89.357719421387 
-80.730400085449 
-72.268913269043 
-63.851226806641 
-54.890518188477 
-45.965103149414 
-36.651805877686 
-26.952247619629 
-17.892686843872 
-8.2244749069214 
0.64516228437424 
9.7546129226685 
18.975820541382 
27.552745819092 
35.811260223389 
43.779891967773 
51.529541015625 
59.089427947998 
65.97624206543 
72.282745361328 
78.532119750977 
84.334457397461 
88.343826293945 
92.320343017578 
96.130760192871 
98.280128479004 
100.57887268066 
101.66582489014 
102.02326202393 
101.3429107666 
99.488418579102 
97.600967407227 
95.688873291016 
93.60799407959 
90.866630554199 
88.281105041504 
85.754028320312 
82.971084594727 
80.285530090332 
78.094207763672 
75.484718322754 
73.245590209961 
70.805610656738 
68.647384643555 
66.201637268066 
63.732833862305 
60.124744415283 
57.059417724609 
51.637706756592 
45.805149078369 
37.721111297607 
28.567073822021 
16.637996673584 
1.6930953264236 
-14.915516853333 
-34.245151519775 
-54.701641082764 
-75.979095458984 
-96.994674682617 
-117.11499786377 
-133.33087158203 
-146.7163848877 
-154.88583374023 
-160.93946838379 
-165.45739746094 
-168.06309509277 
-168.53782653809 
-168.01203918457 
-166.30928039551 
-163.833984375 
-161.07438659668 
-158.02639770508 
-153.54833984375 
-148.35177612305 
-142.35438537598 
-135.61645507812 
-129.36199951172 
-123.13301086426 
-116.99851226807 
-111.01511383057 
-104.62908172607 
-98.035781860352 
-91.919921875 
-84.433502197266 
-76.658737182617 
-68.67554473877 
-60.120780944824 
-51.66960144043 
-42.921829223633 
-34.122814178467 
-25.126178741455 
-16.176639556885 
-6.4045066833496 
2.4048767089844 
11.444471359253 
20.337461471558 
28.762468338013 
36.91467666626 
44.336086273193 
51.948711395264 
58.677383422852 
69.101303100586 
72.839157104492 
75.074424743652 
76.60578918457 
77.33438873291 
77.496810913086 
77.398506164551 
76.417327880859 
75.286415100098 
72.607925415039 
71.059913635254 
69.503135681152 
67.71932220459 
65.169853210449 
62.559154510498 
59.556247711182 
55.88404083252 
51.791152954102 
47.175350189209 
41.788547515869 
35.456478118896 
28.948192596436 
21.01050567627 
12.699165344238 
3.0418639183044 
-7.816771030426 
-19.619876861572 
-32.316074371338 
-45.745407104492 
-58.830684661865 
-71.563957214355 
-83.693397521973 
-93.940979003906 
-102.33572387695 
-109.11819458008 
-114.44641876221 
-118.6096496582 
-121.01044464111 
-122.99137878418 
-123.97757720947 
-124.33216094971 
-124.28579711914 
-123.84368133545 
-123.06924438477 
-121.84147644043 
-120.09124755859 
-117.67601013184 
-114.78826141357 
-111.42231750488 
-107.60626220703 
-103.61692810059 
-99.233665466309 
-95.09733581543 
-90.620155334473 
-86.162635803223 
-82.146987915039 
-77.401008605957 
-72.596122741699 
-67.425773620605 
-61.772422790527 
-55.94660949707 
-49.76473236084 
-43.548450469971 
-36.108322143555 
-29.421369552612 
-22.68145942688 
-15.7630443573 
-8.4855346679688 
-0.5860670208931 
7.391628742218 
15.412703514099 
23.626401901245 
31.959806442261 
48.555034637451 
56.162628173828 
63.621154785156 
70.442161560059 
76.912094116211 
83.224876403809 
88.83878326416 
94.094619750977 
99.145957946777 
107.28369903564 
111.66070556641 
115.05664825439 
117.51417541504 
120.0277633667 
121.47103118896 
122.32172393799 
122.80353546143 
122.85472106934 
121.83742523193 
120.43103790283 
119.57091522217 
118.30583190918 
116.90111541748 
115.82495880127 
115.00244140625 
114.19046783447 
113.93083953857 
113.51023864746 
112.93036651611 
112.73851013184 
112.91655731201 
112.55514526367 
112.70579528809 
113.11875915527 
113.40914154053 
113.73461914062 
113.8674621582 
114.07251739502 
114.11019134521 
113.14575958252 
112.36789703369 
111.65177154541 
111.03880310059 
110.27289581299 
109.19502258301 
107.65280914307 
106.15850830078 
103.83071899414 
102.17323303223 
101.17311859131 
100.75262451172 
100.95056152344 
100.85534667969 
101.07965087891 
100.75047302246 
100.59745025635 
100.16091156006 
99.705825805664 
99.278549194336 
99.201362609863 
99.062171936035 
99.107711791992 
99.462783813477 
100.20817565918 
101.28768157959 
102.50324249268 
104.04229736328 
105.78220367432 
107.76412200928 
109.30298614502 
110.95893859863 
112.66557312012 
114.55921173096 
118.86117553711 
121.11128997803 
123.55721282959 
126.47765350342 
129.57162475586 
133.57621765137 
137.15692138672 
140.30419921875 
144.33074951172 
149.86605834961 
152.47862243652 
155.4242401123 
157.87651062012 
160.2449798584 
162.76818847656 
164.75927734375 
166.82743835449 
168.92790222168 
170.27699279785 
171.37785339355 
172.47189331055 
172.68760681152 
173.75617980957 
173.71942138672 
172.64840698242 
170.65097045898 
168.15127563477 
165.0196685791 
160.8092956543 
154.8024597168 
149.208984375 
141.60543823242 
131.99147033691 
121.16222381592 
109.08535003662 
95.616882324219 
81.276885986328 
66.137817382812 
49.991268157959 
33.016605377197 
16.035545349121 
-2.1905760765076 
-19.852247238159 
-37.690372467041 
-55.428195953369 
-72.651153564453 
-89.577613830566 
-105.5841217041 
-120.06536102295 
-133.76293945312 
-146.53326416016 
-157.10409545898 
-166.43441772461 
-174.16954040527 
-180.56169128418 
-186.01672363281 
-190.27751159668 
-193.74938964844 
-195.87757873535 
-197.69081115723 
-198.44108581543 
-198.51783752441 
-198.47407531738 
-197.85528564453 
-196.27954101562 
-194.41084289551 
-191.84043884277 
-189.09367370605 
-185.6506652832 
-181.58288574219 
-177.53140258789 
-172.40338134766 
-167.08937072754 
-161.62905883789 
-155.59178161621 
-149.13571166992 
-142.18392944336 
-135.35459899902 
-128.59265136719 
-120.39423370361 
-112.74808502197 
-104.69724273682 
-96.666160583496 
-87.815147399902 
-78.636215209961 
-69.995994567871 
-60.371402740479 
-51.208011627197 
-42.113655090332 
-32.596408843994 
-22.578271865845 
-13.234332084656 
-4.1323308944702 
5.8483428955078 
15.553173065186 
24.873601913452 
34.477928161621 
43.855861663818 
53.24919128418 
62.354785919189 
70.510444641113 
79.515335083008 
87.259834289551 
95.667816162109 
103.51862335205 
111.13278198242 
118.50468444824 
125.97430419922 
133.40696716309 
140.21156311035 
147.34042358398 
154.34637451172 
160.98948669434 
167.67573547363 
174.49931335449 
181.23135375977 
188.03863525391 
194.03294372559 
200.53988647461 
206.47496032715 
212.84294128418 
218.87414550781 
225.54388427734 
232.884765625 
240.02412414551 
247.51551818848 
254.77827453613 
262.14199829102 
270.90737915039 
278.92041015625 
286.7248840332 
295.06204223633 
303.68447875977 
312.37130737305 
322.24703979492 
332.56362915039 
342.72271728516 
352.48062133789 
361.27899169922 
369.48275756836 
376.59756469727 
382.13897705078 
386.89300537109 
391.10607910156 
394.68142700195 
397.4114074707 
398.82092285156 
399.61654663086 
398.62158203125 
397.12637329102 
396.28506469727 
395.05960083008 
391.64733886719 
387.47384643555 
382.80731201172 
376.74755859375 
370.34521484375 
362.34442138672 
352.72589111328 
342.21701049805 
330.25021362305 
318.38653564453 
305.23022460938 
287.72204589844 
271.50378417969 
252.90264892578 
234.4610748291 
214.20065307617 
192.68727111816 
170.47152709961 
148.26913452148 
125.13178253174 
101.35636138916 
78.190589904785 
55.541923522949 
33.575874328613 
14.236335754395 
-3.4211902618408 
-19.480955123901 
-32.971645355225 
-45.277290344238 
-56.173774719238 
-66.551490783691 
-74.787063598633 
-82.924209594727 
-89.467987060547 
-93.621452331543 
-96.943664550781 
-99.257263183594 
-100.98309326172 
-102.35298919678 
-102.58107757568 
-102.20798492432 
-100.74642181396 
-99.681648254395 
-97.262435913086 
-94.424072265625 
-90.766952514648 
-85.637809753418 
-80.777938842773 
-74.782333374023 
-67.911445617676 
-60.860912322998 
-53.00719833374 
-44.872505187988 
-35.688255310059 
-26.992488861084 
-17.799856185913 
-8.9972877502441 
-0.44888910651207 
8.8439331054688 
19.358104705811 
29.902126312256 
39.3818359375 
49.739711761475 
60.402015686035 
70.689254760742 
81.618919372559 
93.092849731445 
104.99147033691 
116.73176574707 
128.76206970215 
140.75335693359 
152.2661895752 
163.85087585449 
175.9200592041 
187.10893249512 
197.88597106934 
208.5905456543 
220.23440551758 
230.96578979492 
242.59060668945 
252.99520874023 
263.44470214844 
273.8254699707 
284.65286254883 
294.58700561523 
305.19857788086 
315.84155273438 
325.83941650391 
336.90029907227 
346.92211914062 
356.7145690918 
366.40600585938 
375.73440551758 
385.55914306641 
394.88824462891 
404.10427856445 
412.55722045898 
420.82711791992 
428.43850708008 
435.8610534668 
443.61297607422 
450.38180541992 
457.09832763672 
463.90631103516 
470.25155639648 
476.87127685547 
482.72503662109 
487.75534057617 
493.34594726562 
498.78588867188 
503.41213989258 
507.99340820312 
512.03784179688 
516.65637207031 
520.15698242188 
523.80725097656 
526.84320068359 
530.12280273438 
531.90600585938 
533.85308837891 
535.47357177734 
537.61053466797 
538.36901855469 
539.09106445312 
538.26452636719 
536.63238525391 
535.10729980469 
532.39324951172 
528.80065917969 
524.71264648438 
519.88531494141 
514.13787841797 
507.03213500977 
499.40054321289 
490.40951538086 
481.61633300781 
470.78274536133 
459.27053833008 
447.05697631836 
433.50933837891 
418.93719482422 
404.92095947266 
389.44641113281 
373.29113769531 
356.31112670898 
338.49450683594 
319.42636108398 
300.52258300781 
281.69473266602 
262.25106811523 
242.10203552246 
221.43185424805 
201.80268859863 
181.88920593262 
161.41703796387 
141.55218505859 
122.1393661499 
102.32175445557 
83.83032989502 
65.717590332031 
48.975204467773 
32.968669891357 
18.269668579102 
4.1971011161804 
-8.3612356185913 
-19.221366882324 
-29.104066848755 
-38.123016357422 
-45.028354644775 
-50.746116638184 
-54.01118850708 
-56.99089050293 
-58.62854385376 
-59.126342773438 
-58.535045623779 
-56.920837402344 
-54.726528167725 
-51.474452972412 
-47.541553497314 
-42.671363830566 
-36.398742675781 
-30.463817596436 
-22.683958053589 
-14.574059486389 
-5.7498898506165 
3.8069713115692 
13.370202064514 
23.6939868927 
35.052585601807 
46.85961151123 
59.582889556885 
72.412582397461 
85.092544555664 
99.180908203125 
112.51960754395 
126.7200088501 
141.32206726074 
155.94577026367 
170.82531738281 
185.79290771484 
200.36616516113 
214.91442871094 
229.78504943848 
244.14057922363 
258.22695922852 
272.51901245117 
285.9372253418 
299.70452880859 
312.63821411133 
325.10858154297 
336.94662475586 
348.69128417969 
358.88360595703 
369.25936889648 
379.55270385742 
388.99401855469 
397.73013305664 
405.80972290039 
413.94696044922 
