0 
0 
0 
0 
0 
0 
0 
0 
0 
0 
0 
0 
0 
0 
0 
0 
0 
0 
0 
0 
0 
0 
0 
0 
0 
0 
0 
0 
0 
0 
0 
0 
0 
0 
0 
0 
0 
0 
0 
0 
0 
0 
0 
0 
0 
0 
0 
0 
0 
0 
0 
0 
0 
0 
0 
0 
0 
0 
0 
0 
0 
0 
0 
0 
0 
0 
0 
0 
0 
0 
0 
0 
0 
0 
0 
0 
0 
0 
0 
0 
0 
0 
0 
0 
0 
0 
0 
0 
0 
0 
0 
0 
0 
0 
0 
0 
0 
0 
0 
0 
0 
0 
0 
0 
0 
0 
0 
0 
0 
0 
0 
0 
0 
0 
0 
0 
0 
0 
0 
0 
0 
0 
0 
0 
0 
0 
0 
0 
0 
0 
0 
0 
0 
0 
0 
0 
0 
0 
0 
0 
0 
0 
0 
0 
0 
0 
0 
0 
0 
0 
0 
0 
0 
0 
0 
0 
0 
0 
0 
0 
0 
0 
0 
0 
0 
0 
0 
0 
0 
0 
0 
0 
0 
0 
0 
0 
0 
0 
0 
0 
0 
0 
0 
0 
0 
0 
0 
0 
0 
0 
0 
0 
0 
0 
0 
0 
0 
0 
0 
0 
0 
0 
0 
0 
0 
0 
0 
0 
0 
0 
0 
0 
0 
0 
0 
0 
0 
0 
0 
0 
0 
0 
0 
0 
0 
0 
0 
0 
0 
0 
0 
0 
0 
0 
0 
0 
0 
0 
0 
0 
-1309.5690917969 
-1298.1875 
-1287.7965087891 
-1277.3208007812 
-1267.0573730469 
-1257.4324951172 
-1248.7307128906 
-1239.9398193359 
-1231.5615234375 
-1222.2952880859 
-1215.8465576172 
-1208.5777587891 
-1202.7281494141 
-1196.2613525391 
-1190.3538818359 
-1185.0961914062 
-1181.3157958984 
-1177.3220214844 
-1173.3990478516 
-1170.1140136719 
-1168.4340820312 
-1164.2124023438 
-1159.7691650391 
-1154.3625488281 
-1148.3234863281 
-1142.9500732422 
-1136.6608886719 
-1129.7946777344 
-1123.8177490234 
-1119.361328125 
-1115.1019287109 
-1112.1646728516 
-1109.1394042969 
-1107.0108642578 
-1104.2974853516 
-1101.8718261719 
-1098.9279785156 
-1095.2993164062 
-1091.3815917969 
-1086.6784667969 
-1081.4675292969 
-1076.4536132812 
-1071.5950927734 
-1066.2877197266 
-1061.2478027344 
-1056.6325683594 
-1050.0643310547 
-1041.6286621094 
-1032.6612548828 
-1023.2817993164 
-1013.6433105469 
-1003.2451782227 
-994.01171875 
-985.09027099609 
-972.70379638672 
-963.17980957031 
-953.87719726562 
-945.29913330078 
-937.16760253906 
-928.77722167969 
-920.55706787109 
-913.58050537109 
-906.30200195312 
-900.79736328125 
-896.15447998047 
-891.74639892578 
-886.77587890625 
-880.89678955078 
-875.08148193359 
-870.6865234375 
-864.68481445312 
-858.92999267578 
-855.31079101562 
-852.35009765625 
-849.24444580078 
-846.09051513672 
-842.69299316406 
-838.14611816406 
-832.65045166016 
-826.11071777344 
-819.42529296875 
-813.80114746094 
-808.65814208984 
-804.11572265625 
-799.87854003906 
-796.21276855469 
-791.96459960938 
-787.72448730469 
-783.74017333984 
-779.68829345703 
-776.22039794922 
-773.0458984375 
-770.51708984375 
-767.64764404297 
-764.97290039062 
-761.68212890625 
-759.23736572266 
-756.11291503906 
-753.05346679688 
-750.07696533203 
-747.80383300781 
-745.13330078125 
-741.95306396484 
-737.37493896484 
-731.88653564453 
-725.39306640625 
-718.40057373047 
-711.87408447266 
-705.35717773438 
-699.63684082031 
-693.51220703125 
-688.04309082031 
-682.48498535156 
-676.70941162109 
-670.21942138672 
-663.26153564453 
-656.66369628906 
-649.66760253906 
-642.67901611328 
-635.48657226562 
-628.24273681641 
-621.65472412109 
-615.10711669922 
-609.41448974609 
-603.54302978516 
-597.96826171875 
-593.62145996094 
-589.06414794922 
-584.07141113281 
-579.00469970703 
-574.58154296875 
-569.26873779297 
-563.74670410156 
-558.78833007812 
-554.34118652344 
-549.98547363281 
-544.68481445312 
-539.66876220703 
-533.88348388672 
-528.00451660156 
-522.09808349609 
-516.71966552734 
-511.30065917969 
-506.19622802734 
-501.27145385742 
-496.5090637207 
-492.57940673828 
-487.93887329102 
-483.65927124023 
-478.85891723633 
-474.75491333008 
-471.49411010742 
-468.4140625 
-465.72268676758 
-463.03176879883 
-461.49880981445 
-459.69973754883 
-458.16091918945 
-456.30026245117 
-454.90353393555 
-453.2526550293 
-452.25390625 
-451.81427001953 
-450.51931762695 
-449.18984985352 
-448.46585083008 
-447.8766784668 
-447.2594909668 
-444.4040222168 
-441.37356567383 
-438.75012207031 
-435.99801635742 
-432.87612915039 
-430.13150024414 
-427.64108276367 
-425.12637329102 
-422.40341186523 
-417.96105957031 
-414.48825073242 
-410.46502685547 
-407.21603393555 
-404.54605102539 
-401.98910522461 
-400.0241394043 
-398.73248291016 
-396.22720336914 
-393.92376708984 
-392.6845703125 
-390.34585571289 
-386.71279907227 
-384.12701416016 
-382.16168212891 
-379.53503417969 
-376.0290222168 
-372.03228759766 
-369.46142578125 
-366.65316772461 
-362.79165649414 
-358.69183349609 
-355.35623168945 
-351.62704467773 
-347.61578369141 
-344.23205566406 
-340.83358764648 
-337.32843017578 
-332.68505859375 
-327.60952758789 
-321.94842529297 
-316.17068481445 
-311.18292236328 
-306.84313964844 
-302.24487304688 
-297.81396484375 
-293.01425170898 
-288.4690246582 
-284.26025390625 
-280.18804931641 
-276.02560424805 
-271.90759277344 
-267.90438842773 
-264.06280517578 
-260.54800415039 
-256.71243286133 
-253.87835693359 
-250.60566711426 
-247.44895935059 
-244.48608398438 
-241.1731262207 
-237.90815734863 
-235.41438293457 
-232.29298400879 
-228.07026672363 
-225.24221801758 
-222.02186584473 
-218.50039672852 
-215.70318603516 
-213.2516784668 
-211.26177978516 
-209.61578369141 
-207.52484130859 
-205.52432250977 
-203.46575927734 
-201.74116516113 
-200.06855773926 
-198.47462463379 
-196.57971191406 
-194.65589904785 
-192.63481140137 
-191.53457641602 
-189.44781494141 
-188.69946289062 
-186.52822875977 
-185.41181945801 
-184.18479919434 
-182.86140441895 
-182.376953125 
-181.7417755127 
-180.07150268555 
-179.14898681641 
-178.59204101562 
-178.48275756836 
-178.27348327637 
-178.20567321777 
-178.37145996094 
-178.29292297363 
-179.08149719238 
-180.25329589844 
-180.80560302734 
-181.71315002441 
-183.36056518555 
-185.24468994141 
-186.84397888184 
-188.66383361816 
-190.61926269531 
-192.80641174316 
-194.97038269043 
-197.02688598633 
-199.18840026855 
-201.58041381836 
-204.58395385742 
-206.54290771484 
-208.94807434082 
-210.75224304199 
-212.62866210938 
-214.71556091309 
-216.40940856934 
-218.9421081543 
-220.78564453125 
-223.0302734375 
-224.53034973145 
-226.94129943848 
-229.07495117188 
-231.58543395996 
-233.07824707031 
-235.65663146973 
-238.44761657715 
-240.43113708496 
-242.1774597168 
-244.92730712891 
-246.3482208252 
-248.8268737793 
-250.59669494629 
-252.41934204102 
-253.5617980957 
-254.87719726562 
-256.53555297852 
-256.64767456055 
-258.60345458984 
-260.2451171875 
-259.84561157227 
-260.33831787109 
-260.13824462891 
-261.53619384766 
-261.85424804688 
-261.3161315918 
-260.70977783203 
-259.69396972656 
-258.60025024414 
-256.75512695312 
-253.9693145752 
-251.74029541016 
-248.28958129883 
-245.1086730957 
-241.36228942871 
-236.97520446777 
-233.37351989746 
-229.9990234375 
-226.30278015137 
-222.37483215332 
-219.2149810791 
-216.7744140625 
-214.72900390625 
-213.19523620605 
-211.8056640625 
-209.43637084961 
-208.08828735352 
-207.13905334473 
-207.1443939209 
-206.3162689209 
-206.10855102539 
-205.1194152832 
-205.49987792969 
-206.07899475098 
-206.75775146484 
-207.36515808105 
-208.63882446289 
-209.66725158691 
-211.60328674316 
-213.6111907959 
-216.06169128418 
-218.49308776855 
-221.5705871582 
-225.41494750977 
-228.55505371094 
-231.71516418457 
-235.50859069824 
-239.42195129395 
-243.84255981445 
-248.57507324219 
-253.31774902344 
-257.87466430664 
-262.6169128418 
-267.79815673828 
-273.05249023438 
-277.51885986328 
-282.87280273438 
-287.70361328125 
-292.58099365234 
-297.21267700195 
-301.66836547852 
-306.22427368164 
-310.69500732422 
-314.48416137695 
-318.66345214844 
-322.4264831543 
-325.66156005859 
-328.65716552734 
-331.68298339844 
-334.66781616211 
-336.45263671875 
-338.80154418945 
-341.05331420898 
-341.94174194336 
-342.88208007812 
-343.90057373047 
-344.4248046875 
-344.58319091797 
-344.64172363281 
-344.89221191406 
-344.76821899414 
-344.08093261719 
-343.12115478516 
-342.10943603516 
-340.92825317383 
-339.84320068359 
-337.7392578125 
-336.35864257812 
-334.06134033203 
-331.41519165039 
-328.99920654297 
-327.05249023438 
-324.23818969727 
-320.95434570312 
-317.83935546875 
-314.88201904297 
-311.46322631836 
-308.01867675781 
-304.18365478516 
-299.97439575195 
-295.54183959961 
-291.46917724609 
-286.75216674805 
-281.4201965332 
-276.27047729492 
-271.01409912109 
-265.91232299805 
-260.12664794922 
-253.90049743652 
-247.24873352051 
-239.734375 
-231.9903717041 
-224.43533325195 
-217.42060852051 
-210.43907165527 
-202.99835205078 
-196.28408813477 
-189.62324523926 
-183.27172851562 
-177.81811523438 
-171.82781982422 
-166.36813354492 
-162.56336975098 
-158.77038574219 
-154.67254638672 
-151.55635070801 
-148.77297973633 
-146.16758728027 
-144.77398681641 
-143.0477142334 
-141.89593505859 
-140.880859375 
-140.2336730957 
-140.16920471191 
-140.10919189453 
-141.22024536133 
-141.87178039551 
-142.86004638672 
-144.52996826172 
-146.16680908203 
-148.03938293457 
-150.27151489258 
-152.39224243164 
-154.21475219727 
-156.80052185059 
-159.33375549316 
-162.00653076172 
-163.90063476562 
-166.5181427002 
-168.78581237793 
-171.44416809082 
-173.65057373047 
-176.26571655273 
-178.25564575195 
-180.54124450684 
-182.43180847168 
-184.36820983887 
-186.52178955078 
-189.00776672363 
-190.18782043457 
-191.87664794922 
-193.4948425293 
-194.89163208008 
-195.49363708496 
-196.66189575195 
-198.04797363281 
-198.46870422363 
-199.32968139648 
-199.70370483398 
-200.1639251709 
-200.75845336914 
-200.59910583496 
-200.37428283691 
-200.69915771484 
-200.32780456543 
-199.74952697754 
-199.80342102051 
-199.23222351074 
-197.31132507324 
-196.31910705566 
-195.58625793457 
-194.44140625 
-193.88417053223 
-192.2791595459 
-190.70091247559 
-189.09963989258 
-187.4164276123 
-183.81954956055 
-182.44227600098 
-179.98622131348 
-177.83641052246 
-176.12890625 
-174.07551574707 
-171.25183105469 
-168.9137878418 
-166.5446472168 
-163.88914489746 
-161.4002532959 
-159.06452941895 
-156.1136932373 
-153.66262817383 
-150.87561035156 
-148.08087158203 
-145.0450592041 
-142.22564697266 
-138.39346313477 
-135.42010498047 
-131.66212463379 
-127.97515106201 
-124.9662399292 
-121.09209442139 
-117.31288909912 
-113.74834442139 
-110.43541717529 
-107.08283996582 
-103.3597946167 
-99.537170410156 
-96.142318725586 
-93.478828430176 
-90.912208557129 
-87.563621520996 
-84.375457763672 
-82.348304748535 
-80.227310180664 
-77.621170043945 
-75.577705383301 
-72.883087158203 
-71.414016723633 
-70.436599731445 
-69.697326660156 
-69.086090087891 
-69.064323425293 
-69.191535949707 
-69.623924255371 
-70.28783416748 
-71.19075012207 
-72.454368591309 
-74.37523651123 
-76.240875244141 
-77.548294067383 
-79.609817504883 
-81.447006225586 
-84.151741027832 
-86.189750671387 
-88.354965209961 
-90.512321472168 
-93.269676208496 
-95.958808898926 
-98.0595703125 
-100.63591766357 
-103.29190063477 
-105.38124847412 
-107.55960845947 
-109.11199951172 
-112.30121612549 
-114.57409667969 
-116.79914855957 
-119.00016021729 
-120.61996459961 
-123.00314331055 
-124.63997650146 
-126.60670471191 
-127.83637237549 
-129.42935180664 
-130.67715454102 
-132.39529418945 
-133.36862182617 
-134.26501464844 
-135.21008300781 
-135.60307312012 
-135.61979675293 
-136.33818054199 
-136.34356689453 
-136.60966491699 
-136.88092041016 
-136.57196044922 
-136.45626831055 
-135.99931335449 
-134.8758392334 
-134.10026550293 
-133.56532287598 
-132.43716430664 
-130.57191467285 
-128.74320983887 
-127.56005859375 
-125.85464477539 
-123.58540344238 
-122.20352172852 
-119.29306030273 
-116.58485412598 
-114.35427093506 
-111.74179077148 
-109.03171539307 
-105.31867980957 
-102.90967559814 
-99.238945007324 
-94.890960693359 
-90.295928955078 
-85.697280883789 
-81.813179016113 
-77.73868560791 
-72.546241760254 
-67.839263916016 
-63.01362991333 
-57.813835144043 
-53.12292098999 
-48.506160736084 
-44.429012298584 
-40.365623474121 
-37.26672744751 
-34.398677825928 
-32.136993408203 
-30.064512252808 
-28.898216247559 
-27.931245803833 
-27.101802825928 
-26.25790977478 
-26.783622741699 
-27.086399078369 
-26.588977813721 
-26.409061431885 
-27.224187850952 
-27.895372390747 
-28.744314193726 
-29.468425750732 
-30.549953460693 
-31.941919326782 
-32.972881317139 
-34.771900177002 
-36.451225280762 
-38.273204803467 
-40.229118347168 
-43.086612701416 
-45.779850006104 
-48.02547454834 
-51.246959686279 
-54.307312011719 
-57.143852233887 
-60.004592895508 
-63.20170211792 
-65.904289245605 
-68.464378356934 
-72.055587768555 
-74.050407409668 
-76.662239074707 
-79.472984313965 
-80.740028381348 
-82.434715270996 
-84.778709411621 
-85.785514831543 
-88.887924194336 
-88.335250854492 
-88.977867126465 
-89.863922119141 
-90.202445983887 
-90.476402282715 
-90.114585876465 
-90.315872192383 
-89.639007568359 
-88.830032348633 
-87.886100769043 
-86.632583618164 
-85.789306640625 
-84.067588806152 
-82.687881469727 
-80.964302062988 
-79.052406311035 
-76.73575592041 
-74.624572753906 
-72.277374267578 
-69.457946777344 
-67.175621032715 
-64.10986328125 
-60.632301330566 
-57.819721221924 
-55.336067199707 
-52.950149536133 
-49.488052368164 
-46.966213226318 
-43.39134979248 
-40.313171386719 
-38.208072662354 
-34.713306427002 
-32.461769104004 
-30.079620361328 
-26.316856384277 
-24.2083568573 
-22.338985443115 
-20.498960494995 
-18.242107391357 
-16.749788284302 
-14.781394004822 
-12.840317726135 
-11.946627616882 
-10.963062286377 
-9.5346012115479 
-8.6800975799561 
-8.0423851013184 
-6.8303780555725 
-6.3916530609131 
-5.6645288467407 
-5.2879900932312 
-4.4233317375183 
-3.2629237174988 
-1.7208193540573 
-0.54989701509476 
0.92128127813339 
3.336790561676 
4.8823246955872 
7.5287923812866 
9.6560163497925 
12.275324821472 
14.533559799194 
16.100162506104 
17.939384460449 
20.258817672729 
21.785024642944 
23.000196456909 
24.557037353516 
26.202337265015 
26.693126678467 
27.215990066528 
27.324209213257 
27.456972122192 
27.503704071045 
27.459362030029 
26.91827583313 
26.137802124023 
25.155237197876 
24.570621490479 
23.451477050781 
21.601467132568 
19.057897567749 
16.061466217041 
13.526715278625 
9.1900806427002 
5.296187877655 
1.3438891172409 
-1.7710992097855 
-5.4921922683716 
-9.4966402053833 
-13.716088294983 
-17.647985458374 
-22.23168182373 
-26.413753509521 
-31.139322280884 
-35.791709899902 
-40.001991271973 
-45.139381408691 
-49.965309143066 
-54.768444061279 
-58.883213043213 
-62.847305297852 
-67.818740844727 
-75.217384338379 
-79.758735656738 
-84.381019592285 
-89.687911987305 
-94.981285095215 
-100.53642272949 
-105.89501190186 
-110.55890655518 
-116.139503479 
-122.08085632324 
-127.73532867432 
-133.82182312012 
-139.3125 
-145.59541320801 
-151.36448669434 
-156.76133728027 
-161.49253845215 
-166.66218566895 
-171.79486083984 
-176.39433288574 
-180.69248962402 
-184.40426635742 
-187.63383483887 
-190.96649169922 
-193.7437286377 
-195.37371826172 
-196.35948181152 
-197.24934387207 
-197.33529663086 
-196.67276000977 
-195.83782958984 
-193.69465637207 
-191.88955688477 
-189.52421569824 
-186.22233581543 
-182.6057434082 
-178.14295959473 
-173.63528442383 
-168.86465454102 
-163.08903503418 
-156.81481933594 
-150.58551025391 
-143.81100463867 
-136.28564453125 
-128.42247009277 
-119.95807647705 
-110.80879211426 
-101.76192474365 
-93.357772827148 
-83.903060913086 
-74.910339355469 
-66.383827209473 
-58.06324005127 
-49.330013275146 
-41.014461517334 
-33.977077484131 
-27.405752182007 
-20.131719589233 
-14.048683166504 
-8.84885597229 
-3.6493368148804 
0.94012367725372 
5.3174419403076 
8.6382141113281 
11.228392601013 
13.235830307007 
15.54966545105 
16.760171890259 
18.355108261108 
19.331521987915 
20.08118057251 
21.250827789307 
22.565176010132 
23.839958190918 
25.348693847656 
24.932722091675 
24.641881942749 
27.145812988281 
27.547901153564 
27.809850692749 
27.932008743286 
27.603158950806 
25.888174057007 
25.209402084351 
26.405504226685 
26.833696365356 
28.018703460693 
28.527067184448 
28.329639434814 
28.543424606323 
28.335105895996 
27.739429473877 
26.894601821899 
26.585056304932 
26.983032226562 
27.486484527588 
29.554208755493 
31.645427703857 
33.603149414062 
36.145065307617 
37.973701477051 
40.151500701904 
41.497875213623 
42.659233093262 
42.580097198486 
42.666622161865 
43.379360198975 
43.314353942871 
43.705024719238 
43.974025726318 
44.35962677002 
45.613952636719 
46.002552032471 
46.233108520508 
47.172878265381 
48.736503601074 
49.986457824707 
52.661861419678 
55.575286865234 
58.124614715576 
61.20565032959 
64.909721374512 
68.89404296875 
72.43872833252 
75.52124786377 
79.139633178711 
83.176559448242 
87.618301391602 
91.206703186035 
95.28662109375 
100.95719909668 
104.69011688232 
109.56529998779 
114.28144073486 
119.48616027832 
124.29550933838 
129.3155670166 
134.27014160156 
139.69047546387 
145.8353729248 
152.28381347656 
158.17878723145 
164.7541809082 
171.07620239258 
177.68395996094 
184.1851348877 
190.90078735352 
197.83909606934 
205.17207336426 
212.46714782715 
220.28527832031 
227.69229125977 
234.83404541016 
242.13258361816 
249.39875793457 
255.66090393066 
261.32171630859 
267.04266357422 
272.35223388672 
276.67379760742 
281.36679077148 
285.7412109375 
289.98675537109 
294.10925292969 
297.25531005859 
299.42639160156 
301.45883178711 
303.73394775391 
304.7809753418 
307.15481567383 
308.28732299805 
309.53890991211 
310.05960083008 
310.15423583984 
310.16159057617 
309.97775268555 
310.11669921875 
309.69326782227 
309.54229736328 
309.4162902832 
309.64736938477 
309.92239379883 
310.17630004883 
310.99966430664 
313.05075073242 
314.84384155273 
317.12469482422 
319.01379394531 
320.73986816406 
321.12594604492 
321.64337158203 
320.9052734375 
318.94537353516 
316.26364135742 
313.92327880859 
312.08102416992 
311.43377685547 
310.59991455078 
310.75759887695 
311.63882446289 
313.27404785156 
314.59814453125 
317.60327148438 
322.44369506836 
329.00988769531 
337.00561523438 
345.30718994141 
353.95416259766 
364.13659667969 
372.97134399414 
381.8391418457 
390.03442382812 
398.20230102539 
405.51412963867 
412.18801879883 
418.07919311523 
424.09490966797 
430.33334350586 
436.0651550293 
441.33288574219 
446.96914672852 
451.68481445312 
457.33319091797 
462.05914306641 
467.38330078125 
472.75775146484 
477.53311157227 
482.2477722168 
488.2991027832 
493.91299438477 
498.61730957031 
504.05819702148 
509.86508178711 
514.75927734375 
518.90753173828 
524.41577148438 
528.12084960938 
532.31097412109 
536.87957763672 
541.82891845703 
546.66046142578 
551.02166748047 
555.52276611328 
560.76123046875 
565.99017333984 
570.61584472656 
575.65100097656 
580.11364746094 
585.04718017578 
589.44494628906 
592.68041992188 
595.78240966797 
598.13928222656 
600.87225341797 
602.28411865234 
603.80773925781 
604.80303955078 
605.38531494141 
605.44879150391 
604.67529296875 
604.43060302734 
602.85534667969 
601.42034912109 
600.97387695312 
598.79418945312 
596.45196533203 
594.37908935547 
592.73156738281 
590.4228515625 
589.12561035156 
587.35363769531 
585.83544921875 
583.92785644531 
581.99304199219 
580.60516357422 
577.50103759766 
574.39752197266 
571.22827148438 
567.81451416016 
565.12243652344 
562.67193603516 
560.19903564453 
558.16351318359 
556.126953125 
555.27844238281 
554.51153564453 
555.01531982422 
557.10748291016 
560.82281494141 
564.89068603516 
569.09069824219 
574.38092041016 
579.31799316406 
583.15606689453 
587.81976318359 
591.29565429688 
594.54986572266 
598.13519287109 
601.75872802734 
605.02746582031 
608.34155273438 
612.38165283203 
616.2744140625 
620.05889892578 
624.14562988281 
627.73236083984 
631.20104980469 
635.36566162109 
639.70306396484 
643.36791992188 
647.18444824219 
652.22009277344 
656.517578125 
660.73846435547 
665.31158447266 
670.09735107422 
674.36669921875 
679.302734375 
684.62066650391 
689.51733398438 
694.37426757812 
699.41851806641 
704.82904052734 
709.59887695312 
714.19964599609 
718.83666992188 
723.75567626953 
728.01129150391 
732.34924316406 
737.19396972656 
741.25109863281 
744.875 
748.12872314453 
751.13702392578 
754.49645996094 
757.58160400391 
760.31628417969 
763.19165039062 
765.86370849609 
768.50787353516 
770.80981445312 
772.88232421875 
775.37823486328 
777.32470703125 
779.36846923828 
780.6640625 
782.75964355469 
784.30609130859 
785.43200683594 
785.54357910156 
784.92999267578 
782.70056152344 
781.40246582031 
779.63586425781 
776.77178955078 
775.02746582031 
774.93182373047 
775.75061035156 
776.66870117188 
778.07336425781 
780.68994140625 
783.14593505859 
785.494140625 
788.98883056641 
793.37084960938 
798.03558349609 
804.03533935547 
809.92919921875 
815.94329833984 
822.39520263672 
829.19171142578 
835.55865478516 
841.73028564453 
847.54461669922 
852.2392578125 
858.03533935547 
863.05065917969 
868.12322998047 
873.85443115234 
878.03234863281 
882.84539794922 
886.75305175781 
891.13262939453 
895.60327148438 
899.30718994141 
902.90264892578 
906.05212402344 
909.86791992188 
913.61486816406 
915.82989501953 
919.39270019531 
924.46990966797 
929.42175292969 
934.27166748047 
939.97729492188 
946.31866455078 
951.99981689453 
958.31652832031 
963.92700195312 
970.67388916016 
977.0546875 
981.82995605469 
987.48736572266 
993.96917724609 
999.59918212891 
1003.5908813477 
1007.8221435547 
1012.3109130859 
1016.5881958008 
1019.8721923828 
1022.6232910156 
1024.8934326172 
1026.7713623047 
1028.8012695312 
1030.5853271484 
1032.3477783203 
1034.1154785156 
1034.4427490234 
1035.3010253906 
1036.4718017578 
1036.7467041016 
1036.8020019531 
1038.5159912109 
1039.8297119141 
1042.3431396484 
1045.5085449219 
1047.7218017578 
1048.9318847656 
1049.7337646484 
1050.0162353516 
1049.6956787109 
1048.5499267578 
1047.2197265625 
1046.4963378906 
1046.5167236328 
1045.4669189453 
1044.7807617188 
1043.7470703125 
1042.7385253906 
1042.8937988281 
1042.9653320312 
1044.6949462891 
1048.1157226562 
1053.6400146484 
1059.2810058594 
1064.7322998047 
1071.0445556641 
1076.5477294922 
1082.0510253906 
1087.9372558594 
1093.5811767578 
1098.828125 
1103.5596923828 
1108.1087646484 
1113.9591064453 
1119.7257080078 
1125.8184814453 
1131.6904296875 
1137.6772460938 
1143.9769287109 
1149.5897216797 
1155.1363525391 
1161.3227539062 
1166.5367431641 
1171.3686523438 
1176.1237792969 
1180.1247558594 
1184.0037841797 
1188.0656738281 
1191.9484863281 
1195.9185791016 
1198.7049560547 
1203.7836914062 
1204.8190917969 
1206.6264648438 
1207.7835693359 
1209.6287841797 
1211.0983886719 
1212.6617431641 
1214.2384033203 
1215.2326660156 
1218.3165283203 
1219.9385986328 
1222.2998046875 
1224.0404052734 
1226.1400146484 
1228.1589355469 
1230.3209228516 
1232.7751464844 
1236.2843017578 
1239.9326171875 
1243.59375 
1247.8596191406 
1253.7209472656 
1259.0122070312 
1265.1468505859 
1271.4639892578 
1277.4575195312 
1283.3934326172 
1288.9403076172 
1294.7902832031 
1299.4792480469 
1303.0394287109 
1304.6372070312 
1304.8239746094 
1305.0765380859 
1305.7052001953 
1307.7763671875 
1309.1042480469 
1310.1870117188 
1310.1619873047 
1309.5133056641 
1309.0968017578 
1308.0194091797 
1307.2286376953 
1307.4991455078 
1307.8754882812 
1309.3914794922 
1311.5882568359 
1313.8474121094 
1316.1727294922 
1318.6918945312 
1321.0861816406 
1323.4006347656 
1325.265625 
1327.0310058594 
1328.8997802734 
1329.9162597656 
1332.2386474609 
1333.4592285156 
1335.6014404297 
1336.703125 
1338.8569335938 
1340.5057373047 
1341.5096435547 
1344.3658447266 
1344.9862060547 
1347.0740966797 
1347.7701416016 
1349.1973876953 
1352.0660400391 
1354.1916503906 
1355.2867431641 
1356.5418701172 
1358.0328369141 
1359.0561523438 
1359.3471679688 
1359.7265625 
1358.8540039062 
1358.0490722656 
1356.9737548828 
1356.0943603516 
1354.1934814453 
1352.2899169922 
1346.5397949219 
1345.345703125 
1343.0169677734 
1338.6171875 
1336.1828613281 
1333.380859375 
1329.7481689453 
1326.5491943359 
1323.3826904297 
1319.6177978516 
1316.2346191406 
1313.5323486328 
1311.0893554688 
1308.3271484375 
1305.7902832031 
1303.4489746094 
1301.0888671875 
1298.8145751953 
1296.6041259766 
1294.7325439453 
1293.3461914062 
1292.8829345703 
1292.2082519531 
1291.7927246094 
1291.6882324219 
1291.4692382812 
1290.2562255859 
1288.7552490234 
1287.4743652344 
1286.4183349609 
1284.7160644531 
1284.2374267578 
1284.1146240234 
1283.9846191406 
1283.2739257812 
1282.0603027344 
1279.8098144531 
1277.9389648438 
1274.5698242188 
1272.0548095703 
1269.5985107422 
1267.1326904297 
1263.9553222656 
1259.8801269531 
1255.3552246094 
1251.1423339844 
1245.9107666016 
1241.5843505859 
1236.1579589844 
1230.6021728516 
1225.5743408203 
1220.4125976562 
1215.1929931641 
1209.7335205078 
1204.0130615234 
1198.8524169922 
1193.8948974609 
1188.5146484375 
1183.1076660156 
1177.7374267578 
1172.7384033203 
1168.0042724609 
1163.0968017578 
1158.0322265625 
1149.421875 
1144.8326416016 
1139.080078125 
1134.9683837891 
1131.2985839844 
1128.2398681641 
1125.3355712891 
1121.8115234375 
1119.119140625 
1113.4047851562 
1110.5120849609 
1107.6494140625 
1105.3103027344 
1103.1072998047 
1101.453125 
1099.0437011719 
1097.7784423828 
1096.2584228516 
1094.8666992188 
1092.4102783203 
1091.1624755859 
1089.0451660156 
1087.7174072266 
1086.6954345703 
1085.3610839844 
1084.0789794922 
1083.37890625 
1082.6022949219 
1081.5064697266 
1080.7719726562 
1080.1593017578 
1079.5289306641 
1078.8995361328 
1077.6834716797 
1076.5372314453 
1074.4451904297 
1073.5877685547 
1072.3481445312 
1070.4793701172 
1068.6488037109 
1067.3333740234 
1065.1459960938 
1062.7429199219 
1060.4886474609 
1058.4239501953 
1055.7529296875 
1052.6901855469 
1049.7639160156 
1047.1573486328 
1043.7322998047 
1040.607421875 
1037.9575195312 
1036.0681152344 
1034.0753173828 
1033.4599609375 
1033.9454345703 
1034.1998291016 
1034.3747558594 
1034.3942871094 
1034.2100830078 
1033.5216064453 
1031.4350585938 
1029.6634521484 
1027.1394042969 
1023.7094116211 
1020.6348876953 
1017.4403686523 
1013.4317016602 
1009.3814697266 
1005.6964111328 
1000.9932861328 
996.66510009766 
992.00134277344 
987.75653076172 
982.77722167969 
978.27905273438 
973.46112060547 
967.8037109375 
963.10693359375 
958.22973632812 
952.76690673828 
948.01733398438 
943.17468261719 
939.19653320312 
934.92010498047 
930.16918945312 
925.58258056641 
920.75164794922 
916.04376220703 
910.77111816406 
905.59930419922 
901.03759765625 
896.13195800781 
891.42797851562 
887.72442626953 
882.97943115234 
878.47045898438 
873.82489013672 
868.73022460938 
863.55700683594 
857.86608886719 
851.66064453125 
845.76483154297 
839.28289794922 
833.34295654297 
827.63830566406 
821.52447509766 
815.71862792969 
809.30535888672 
802.46044921875 
796.34649658203 
789.37030029297 
782.42553710938 
775.03369140625 
767.46154785156 
759.36456298828 
751.37377929688 
742.16973876953 
733.53747558594 
724.6005859375 
714.97564697266 
704.88806152344 
694.42742919922 
683.72613525391 
672.42761230469 
661.15124511719 
649.4716796875 
637.65423583984 
625.51190185547 
613.42950439453 
601.03619384766 
589.53631591797 
576.56628417969 
565.67102050781 
555.42004394531 
546.01129150391 
536.74200439453 
527.98596191406 
519.79278564453 
513.197265625 
506.80081176758 
498.73254394531 
492.62924194336 
485.88418579102 
480.57089233398 
474.90277099609 
469.23007202148 
465.66546630859 
460.40817260742 
456.01159667969 
451.90588378906 
448.37713623047 
445.83453369141 
442.7626953125 
439.95050048828 
437.98184204102 
436.45617675781 
434.8092956543 
433.09982299805 
432.15283203125 
430.95050048828 
431.33374023438 
431.91607666016 
432.41619873047 
433.76721191406 
435.623046875 
436.84652709961 
440.08953857422 
443.03860473633 
446.78726196289 
451.03158569336 
455.83880615234 
461.5046081543 
467.67098999023 
473.39831542969 
480.08248901367 
485.75402832031 
492.13070678711 
497.48141479492 
502.86511230469 
507.59225463867 
512.31170654297 
516.24664306641 
519.43884277344 
522.83026123047 
525.92926025391 
528.37957763672 
530.03112792969 
532.14306640625 
533.14422607422 
533.62738037109 
533.41760253906 
533.24676513672 
531.71960449219 
531.02911376953 
529.31268310547 
527.19757080078 
524.48913574219 
520.56762695312 
517.35345458984 
513.884765625 
510.18209838867 
505.53274536133 
501.23645019531 
497.02322387695 
492.57205200195 
487.4794921875 
482.80889892578 
478.12808227539 
472.68328857422 
466.72235107422 
461.50329589844 
456.13088989258 
449.66702270508 
443.91015625 
437.73403930664 
432.09115600586 
426.78887939453 
420.48992919922 
415.25131225586 
409.61383056641 
403.78646850586 
398.52059936523 
392.95718383789 
388.08862304688 
382.63879394531 
377.94958496094 
373.20431518555 
367.400390625 
362.77416992188 
357.16439819336 
351.64224243164 
347.01177978516 
341.92700195312 
336.97280883789 
332.15972900391 
327.07357788086 
322.01129150391 
316.68099975586 
312.20700073242 
307.05310058594 
300.94338989258 
296.39074707031 
291.26336669922 
285.77169799805 
280.45614624023 
275.15390014648 
270.23086547852 
265.08972167969 
259.64010620117 
254.58630371094 
249.25491333008 
243.48887634277 
238.60452270508 
233.31878662109 
227.78785705566 
221.95082092285 
216.5408782959 
211.51142883301 
206.26516723633 
200.6022644043 
195.51672363281 
190.65037536621 
186.10940551758 
181.57389831543 
177.40843200684 
173.35301208496 
169.50778198242 
165.62835693359 
161.58795166016 
158.12948608398 
155.6068572998 
152.67817687988 
149.07543945312 
146.70510864258 
143.90863037109 
141.87516784668 
139.26553344727 
137.26344299316 
135.14041137695 
132.65649414062 
131.13082885742 
129.83712768555 
127.51831817627 
125.75675201416 
124.21689605713 
122.62995147705 
120.65354156494 
117.85514831543 
116.09916687012 
114.53799438477 
112.60401916504 
111.64471435547 
110.13366699219 
108.66983795166 
107.21461486816 
106.34288787842 
105.15682983398 
104.58692932129 
104.09606933594 
103.2799911499 
103.96162414551 
103.77997589111 
104.4934387207 
105.86380767822 
106.58309173584 
108.10805511475 
110.30220794678 
112.49948120117 
115.37677764893 
118.02787780762 
121.13330841064 
123.38305664062 
125.64949035645 
128.46327209473 
130.59245300293 
132.76908874512 
134.72415161133 
136.03944396973 
136.85134887695 
137.12434387207 
136.88270568848 
136.6605682373 
135.40209960938 
134.52879333496 
132.88539123535 
131.10224914551 
129.1767578125 
126.58884429932 
123.65048980713 
119.69674682617 
116.10468292236 
112.11710357666 
108.00685119629 
103.30059814453 
98.897651672363 
94.07991027832 
88.711822509766 
83.990028381348 
79.266983032227 
73.51350402832 
68.659210205078 
63.195487976074 
57.88208770752 
51.531383514404 
45.718307495117 
39.726654052734 
34.418640136719 
28.577684402466 
23.37618637085 
17.293935775757 
12.093632698059 
6.6081585884094 
1.116698384285 
-3.24156498909 
-8.5461874008179 
-13.23854637146 
-17.504365921021 
-22.373220443726 
-27.019800186157 
-31.512632369995 
-35.629280090332 
-39.511173248291 
-43.812061309814 
-48.073692321777 
-52.235866546631 
-56.389183044434 
-60.502407073975 
-64.296875 
-68.463333129883 
-72.031692504883 
